0,0,604,381,66,77,1,-1,-1,-1
1,0,600,381,70,76,1,-1,-1,-1
2,0,605,381,68,75,1,-1,-1,-1
3,0,601,382,69,76,1,-1,-1,-1
4,0,602,382,67,75,1,-1,-1,-1
5,0,602,382,68,75,1,-1,-1,-1
6,0,605,381,67,73,1,-1,-1,-1
7,0,603,381,67,73,1,-1,-1,-1
8,0,604,382,67,73,1,-1,-1,-1
9,0,604,380,67,73,1,-1,-1,-1
10,0,602,381,69,74,1,-1,-1,-1
11,0,603,381,68,74,1,-1,-1,-1
12,0,602,381,69,75,1,-1,-1,-1
13,0,600,382,71,75,1,-1,-1,-1
14,0,598,383,72,75,1,-1,-1,-1
15,0,597,382,73,75,1,-1,-1,-1
16,0,596,382,74,75,1,-1,-1,-1
17,0,596,383,74,74,1,-1,-1,-1
18,0,599,383,72,72,1,-1,-1,-1
19,0,600,383,71,72,1,-1,-1,-1
20,0,600,383,71,72,1,-1,-1,-1
21,0,597,384,75,75,1,-1,-1,-1
22,0,598,382,75,75,1,-1,-1,-1
23,0,599,383,74,74,1,-1,-1,-1
24,0,601,383,72,74,1,-1,-1,-1
25,0,601,381,73,75,1,-1,-1,-1
26,0,603,383,71,74,1,-1,-1,-1
27,0,599,383,75,74,1,-1,-1,-1
28,0,599,383,76,73,1,-1,-1,-1
29,0,602,385,76,72,1,-1,-1,-1
30,0,603,387,75,74,1,-1,-1,-1
31,0,606,386,74,76,1,-1,-1,-1
32,0,608,385,72,77,1,-1,-1,-1
33,0,606,386,75,75,1,-1,-1,-1
34,0,607.0,386.0,74.0,76.0,1,-1,-1,-1
35,0,614.0,383.0,79.0,79.0,1,-1,-1,-1
36,0,615.0,380.0,79.0,84.0,1,-1,-1,-1
37,0,614,379,84,82,1,-1,-1,-1
38,0,614,376,86,87,1,-1,-1,-1
39,0,620,375,83,86,1,-1,-1,-1
40,0,624,376,78,84,1,-1,-1,-1
41,0,630,375,80,82,1,-1,-1,-1
42,0,633,372,81,85,1,-1,-1,-1
43,0,638,374,76,83,1,-1,-1,-1
44,0,639,369,79,84,1,-1,-1,-1
45,0,644,368,84,84,1,-1,-1,-1
46,0,648,368,82,85,1,-1,-1,-1
47,0,649,367,81,85,1,-1,-1,-1
48,0,651,366,81,86,1,-1,-1,-1
49,0,652,366,80,85,1,-1,-1,-1
50,0,651,366,80,86,1,-1,-1,-1
51,0,662,367,77,84,1,-1,-1,-1
52,0,665,369,75,82,1,-1,-1,-1
53,0,668,368,74,83,1,-1,-1,-1
54,0,670,367,74,82,1,-1,-1,-1
55,0,672,367,74,81,1,-1,-1,-1
56,0,674,365,75,81,1,-1,-1,-1
57,0,673,367,77,79,1,-1,-1,-1
58,0,675,367,76,81,1,-1,-1,-1
59,0,677,366,73,80,1,-1,-1,-1
60,0,678,366,73,82,1,-1,-1,-1
61,0,678,365,76,82,1,-1,-1,-1
62,0,679,365,76,81,1,-1,-1,-1
63,0,682,366,76,83,1,-1,-1,-1
64,0,682,365,76,84,1,-1,-1,-1
65,0,682,366,76,83,1,-1,-1,-1
66,0,682,365,76,84,1,-1,-1,-1
67,0,682,365,75,83,1,-1,-1,-1
68,0,682,365,75,83,1,-1,-1,-1
69,0,682,365,75,83,1,-1,-1,-1
70,0,681,365,81,84,1,-1,-1,-1
71,0,681,364,81,84,1,-1,-1,-1
72,0,683,364,83,86,1,-1,-1,-1
73,0,683,364,85,85,1,-1,-1,-1
74,0,683,364,85,85,1,-1,-1,-1
75,0,685,366,84,88,1,-1,-1,-1
76,0,684,365,88,92,1,-1,-1,-1
77,0,683,365,91,96,1,-1,-1,-1
78,0,685,366,88,95,1,-1,-1,-1
79,0,685,366,89,95,1,-1,-1,-1
80,0,685,366,89,95,1,-1,-1,-1
81,0,692,371,81,90,1,-1,-1,-1
82,0,697,373,80,91,1,-1,-1,-1
83,0,696,373,83,93,1,-1,-1,-1
84,0,698,374,83,93,1,-1,-1,-1
85,0,695,372,89,99,1,-1,-1,-1
86,0,699,374,88,98,1,-1,-1,-1
87,0,707,377,83,96,1,-1,-1,-1
88,0,715,381,78,95,1,-1,-1,-1
89,0,716,383,80,95,1,-1,-1,-1
90,0,722,386,78,94,1,-1,-1,-1
91,0,721,387,80,94,1,-1,-1,-1
92,0,721,387,80,94,1,-1,-1,-1
93,0,727,388,81,92,1,-1,-1,-1
94,0,727,388,81,92,1,-1,-1,-1
95,0,727,388,81,92,1,-1,-1,-1
96,0,737,393,74,89,1,-1,-1,-1
97,0,738,388,78,97,1,-1,-1,-1
98,0,741,386,81,98,1,-1,-1,-1
99,0,742,390,81,97,1,-1,-1,-1
100,0,742,385,83,101,1,-1,-1,-1
101,0,743,385,82,101,1,-1,-1,-1
102,0,743,385,81,102,1,-1,-1,-1
103,0,742,384,84,103,1,-1,-1,-1
104,0,742,384,83,99,1,-1,-1,-1
105,0,741,384,83,97,1,-1,-1,-1
106,0,738,385,84,99,1,-1,-1,-1
107,0,737,383,82,100,1,-1,-1,-1
108,0,732,383,85,98,1,-1,-1,-1
109,0,732,383,85,99,1,-1,-1,-1
110,0,732,383,85,98,1,-1,-1,-1
111,0,725,385,84,99,1,-1,-1,-1
112,0,723,387,82,96,1,-1,-1,-1
113,0,722,388,83,96,1,-1,-1,-1
114,0,720,388,85,99,1,-1,-1,-1
115,0,720,388,85,98,1,-1,-1,-1
116,0,720,389,84,94,1,-1,-1,-1
117,0,721,389,85,97,1,-1,-1,-1
118,0,721,391,85,95,1,-1,-1,-1
119,0,722,391,84,97,1,-1,-1,-1
120,0,723,394,81,99,1,-1,-1,-1
121,0,724,390,82,97,1,-1,-1,-1
122,0,722,395,83,92,1,-1,-1,-1
123,0,726,399,79,91,1,-1,-1,-1
124,0,727,399,78,91,1,-1,-1,-1
125,0,726,399,79,91,1,-1,-1,-1
126,0,729,399,83,102,1,-1,-1,-1
127,0,730,404,86,98,1,-1,-1,-1
128,0,733,405,81,96,1,-1,-1,-1
129,0,733,406,82,97,1,-1,-1,-1
130,0,733,408,83,98,1,-1,-1,-1
131,0,734,408,82,98,1,-1,-1,-1
132,0,733,411,85,103,1,-1,-1,-1
133,0,731,411,87,99,1,-1,-1,-1
134,0,730,413,87,95,1,-1,-1,-1
135,0,733,412,85,96,1,-1,-1,-1
136,0,733,412,85,97,1,-1,-1,-1
137,0,732,413,86,95,1,-1,-1,-1
138,0,732,414,85,94,1,-1,-1,-1
139,0,732,414,85,94,1,-1,-1,-1
140,0,732,414,85,95,1,-1,-1,-1
141,0,730,413,88,99,1,-1,-1,-1
142,0,730,415,86,98,1,-1,-1,-1
143,0,728,415,87,97,1,-1,-1,-1
144,0,728,415,87,97,1,-1,-1,-1
145,0,728,415,86,98,1,-1,-1,-1
146,0,727,415,86,98,1,-1,-1,-1
147,0,725,415,89,100,1,-1,-1,-1
148,0,725,416,87,101,1,-1,-1,-1
149,0,724,416,88,98,1,-1,-1,-1
150,0,721,415,90,103,1,-1,-1,-1
151,0,721,415,90,102,1,-1,-1,-1
152,0,721,416,91,103,1,-1,-1,-1
153,0,720,415,92,104,1,-1,-1,-1
154,0,720,415,92,104,1,-1,-1,-1
155,0,720,413,92,104,1,-1,-1,-1
156,0,720,413,92,104,1,-1,-1,-1
157,0,720,413,91,104,1,-1,-1,-1
158,0,720,413,91,103,1,-1,-1,-1
159,0,719,413,93,103,1,-1,-1,-1
160,0,719,413,94,104,1,-1,-1,-1
161,0,719,413,94,104,1,-1,-1,-1
162,0,719,413,94,103,1,-1,-1,-1
163,0,719,413,94,103,1,-1,-1,-1
164,0,719,413,94,103,1,-1,-1,-1
165,0,719,413,93,102,1,-1,-1,-1
166,0,720,413,92,102,1,-1,-1,-1
167,0,720,413,92,102,1,-1,-1,-1
168,0,720,412,93,104,1,-1,-1,-1
169,0,720,412,93,104,1,-1,-1,-1
170,0,720,412,93,104,1,-1,-1,-1
171,0,720,412,93,104,1,-1,-1,-1
172,0,719,412,94,104,1,-1,-1,-1
173,0,719,412,94,104,1,-1,-1,-1
174,0,719,412,94,104,1,-1,-1,-1
175,0,719,413,93,103,1,-1,-1,-1
176,0,719,413,93,103,1,-1,-1,-1
177,0,719,413,93,102,1,-1,-1,-1
178,0,720,414,92,100,1,-1,-1,-1
179,0,722,414,91,100,1,-1,-1,-1
180,0,723,412,90,100,1,-1,-1,-1
181,0,723,412,90,102,1,-1,-1,-1
182,0,725,412,89,102,1,-1,-1,-1
183,0,729,413,86,102,1,-1,-1,-1
184,0,729,413,86,102,1,-1,-1,-1
185,0,730,415,85,98,1,-1,-1,-1
186,0,731,418,84,96,1,-1,-1,-1
187,0,733,416,83,95,1,-1,-1,-1
188,0,734,419,81,94,1,-1,-1,-1
189,0,734,419,81,95,1,-1,-1,-1
190,0,738,422,76,88,1,-1,-1,-1
191,0,736,419,77,89,1,-1,-1,-1
192,0,738,420,74,87,1,-1,-1,-1
193,0,737,419,76,88,1,-1,-1,-1
194,0,736,418,77,88,1,-1,-1,-1
195,0,736,419,77,87,1,-1,-1,-1
196,0,736,419,77,86,1,-1,-1,-1
197,0,738,420,74,86,1,-1,-1,-1
198,0,735,419,80,92,1,-1,-1,-1
199,0,735,418,80,93,1,-1,-1,-1
200,0,738,421,76,90,1,-1,-1,-1
201,0,731,414,85,98,1,-1,-1,-1
202,0,728,414,87,98,1,-1,-1,-1
203,0,730,413,86,99,1,-1,-1,-1
204,0,728,412,88,96,1,-1,-1,-1
205,0,728,410,87,96,1,-1,-1,-1
206,0,728,410,87,98,1,-1,-1,-1
207,0,728,412,87,95,1,-1,-1,-1
208,0,728,413,87,94,1,-1,-1,-1
209,0,729,413,86,95,1,-1,-1,-1
210,0,728,411,86,97,1,-1,-1,-1
211,0,728,412,86,95,1,-1,-1,-1
212,0,728,413,86,94,1,-1,-1,-1
213,0,728,412,86,96,1,-1,-1,-1
214,0,728,412,86,97,1,-1,-1,-1
215,0,728,412,86,98,1,-1,-1,-1
216,0,728,412,86,98,1,-1,-1,-1
217,0,728,412,86,99,1,-1,-1,-1
218,0,728,412,86,99,1,-1,-1,-1
219,0,728,411,85,98,1,-1,-1,-1
220,0,727,411,86,98,1,-1,-1,-1
221,0,727,411,86,97,1,-1,-1,-1
222,0,727,411,86,97,1,-1,-1,-1
223,0,727,411,86,97,1,-1,-1,-1
224,0,727,411,86,97,1,-1,-1,-1
225,0,728,411,85,97,1,-1,-1,-1
226,0,728,412,85,96,1,-1,-1,-1
227,0,728,412,85,96,1,-1,-1,-1
228,0,728,412,85,96,1,-1,-1,-1
229,0,728,412,85,96,1,-1,-1,-1
230,0,728,412,85,96,1,-1,-1,-1
231,0,738,419,77,89,1,-1,-1,-1
232,0,738,419,77,89,1,-1,-1,-1
233,0,738,415,78,93,1,-1,-1,-1
234,0,739,418,77,90,1,-1,-1,-1
235,0,741,419,75,90,1,-1,-1,-1
236,0,741,420,75,88,1,-1,-1,-1
237,0,740,420,76,90,1,-1,-1,-1
238,0,739,420,77,89,1,-1,-1,-1
239,0,739,420,77,89,1,-1,-1,-1
240,0,737,422,79,89,1,-1,-1,-1
241,0,735,419,80,95,1,-1,-1,-1
242,0,735,418,80,96,1,-1,-1,-1
243,0,730,411,87,102,1,-1,-1,-1
244,0,730,411,87,102,1,-1,-1,-1
245,0,730,411,87,102,1,-1,-1,-1
246,0,730,411,87,102,1,-1,-1,-1
247,0,730,411,87,102,1,-1,-1,-1
248,0,730,411,87,102,1,-1,-1,-1
249,0,729,411,88,100,1,-1,-1,-1
250,0,729,410,89,101,1,-1,-1,-1
251,0,729,410,89,101,1,-1,-1,-1
252,0,729,410,89,101,1,-1,-1,-1
253,0,729,410,89,101,1,-1,-1,-1
254,0,729,410,89,101,1,-1,-1,-1
255,0,729,410,89,101,1,-1,-1,-1
256,0,729,410,89,101,1,-1,-1,-1
257,0,729,410,89,101,1,-1,-1,-1
258,0,729,410,89,101,1,-1,-1,-1
259,0,729,410,89,101,1,-1,-1,-1
260,0,729,410,89,101,1,-1,-1,-1
261,0,729,410,89,101,1,-1,-1,-1
262,0,729,410,89,101,1,-1,-1,-1
263,0,729,410,89,101,1,-1,-1,-1
264,0,729,410,89,101,1,-1,-1,-1
265,0,729,410,89,101,1,-1,-1,-1
266,0,729,410,89,101,1,-1,-1,-1
267,0,729,410,89,101,1,-1,-1,-1
268,0,729,410,89,101,1,-1,-1,-1
269,0,729,410,89,101,1,-1,-1,-1
270,0,729,410,89,101,1,-1,-1,-1
271,0,727,409,89,101,1,-1,-1,-1
272,0,727,409,88,100,1,-1,-1,-1
273,0,720,410,90,104,1,-1,-1,-1
274,0,720,410,91,104,1,-1,-1,-1
275,0,720,409,91,105,1,-1,-1,-1
276,0,720,409,91,105,1,-1,-1,-1
277,0,720,409,91,105,1,-1,-1,-1
278,0,720,409,91,105,1,-1,-1,-1
279,0,719,408,92,106,1,-1,-1,-1
280,0,718,407,90,105,1,-1,-1,-1
281,0,718,407,91,108,1,-1,-1,-1
282,0,719,408,89,106,1,-1,-1,-1
283,0,719,407,87,106,1,-1,-1,-1
284,0,720,409,84,105,1,-1,-1,-1
285,0,721,408,83,105,1,-1,-1,-1
286,0,721,410,84,104,1,-1,-1,-1
287,0,719,409,86,103,1,-1,-1,-1
288,0,723,414,79,97,1,-1,-1,-1
289,0,723,414,79,97,1,-1,-1,-1
290,0,723,414,79,97,1,-1,-1,-1
291,0,723,414,78,96,1,-1,-1,-1
292,0,723,414,78,96,1,-1,-1,-1
293,0,723,414,78,96,1,-1,-1,-1
294,0,722,409,83,99,1,-1,-1,-1
295,0,724,411,80,93,1,-1,-1,-1
296,0,726,411,79,94,1,-1,-1,-1
297,0,726,410,81,97,1,-1,-1,-1
298,0,727,411,81,95,1,-1,-1,-1
299,0,729,410,78,97,1,-1,-1,-1
300,0,729,411,79,94,1,-1,-1,-1
301,0,730,411,78,94,1,-1,-1,-1
302,0,729,412,81,93,1,-1,-1,-1
303,0,730,412,81,93,1,-1,-1,-1
304,0,730,412,81,93,1,-1,-1,-1
305,0,730,412,81,93,1,-1,-1,-1
306,0,730,412,81,93,1,-1,-1,-1
307,0,731,412,79,93,1,-1,-1,-1
308,0,731,412,79,93,1,-1,-1,-1
309,0,731,412,79,93,1,-1,-1,-1
310,0,730,411,82,95,1,-1,-1,-1
311,0,731,414,82,92,1,-1,-1,-1
312,0,730,411,85,94,1,-1,-1,-1
313,0,731,410,89,93,1,-1,-1,-1
314,0,732,410,89,94,1,-1,-1,-1
315,0,731,408,89,96,1,-1,-1,-1
316,0,731,407,88,96,1,-1,-1,-1
317,0,731,407,88,96,1,-1,-1,-1
318,0,731,407,86,95,1,-1,-1,-1
319,0,731,408,87,93,1,-1,-1,-1
320,0,730,408,87,93,1,-1,-1,-1
321,0,730,408,87,93,1,-1,-1,-1
322,0,730,409,86,92,1,-1,-1,-1
323,0,730,409,86,92,1,-1,-1,-1
324,0,731,408,86,92,1,-1,-1,-1
325,0,728,401,88,93,1,-1,-1,-1
326,0,726,397,91,94,1,-1,-1,-1
327,0,726,399,87,92,1,-1,-1,-1
328,0,727,394,88,92,1,-1,-1,-1
329,0,724,398,83,90,1,-1,-1,-1
330,0,722,391,95,96,1,-1,-1,-1
331,0,723,394,90,92,1,-1,-1,-1
332,0,722,390,90,92,1,-1,-1,-1
333,0,721,388,90,93,1,-1,-1,-1
334,0,721,387,89,93,1,-1,-1,-1
335,0,720,386,90,94,1,-1,-1,-1
336,0,720,386,90,94,1,-1,-1,-1
337,0,721,387,90,93,1,-1,-1,-1
338,0,721,387,90,93,1,-1,-1,-1
339,0,721,387,90,93,1,-1,-1,-1
340,0,720,387,89,92,1,-1,-1,-1
341,0,713,382,86,92,1,-1,-1,-1
342,0,708,379,85,92,1,-1,-1,-1
343,0,703,377,85,92,1,-1,-1,-1
344,0,700,374,85,93,1,-1,-1,-1
345,0,698,372,86,94,1,-1,-1,-1
346,0,696,371,87,93,1,-1,-1,-1
347,0,694,369,88,96,1,-1,-1,-1
348,0,695,371,85,93,1,-1,-1,-1
349,0,695,371,85,93,1,-1,-1,-1
350,0,695,371,85,93,1,-1,-1,-1
351,0,695,371,85,93,1,-1,-1,-1
352,0,695,371,84,93,1,-1,-1,-1
353,0,696,371,83,93,1,-1,-1,-1
354,0,689,369,87,95,1,-1,-1,-1
355,0,680,368,87,96,1,-1,-1,-1
356,0,674,369,87,96,1,-1,-1,-1
357,0,670,368,88,98,1,-1,-1,-1
358,0,666,373,90,96,1,-1,-1,-1
359,0,662,380,85,93,1,-1,-1,-1
360,0,656,380,86,93,1,-1,-1,-1
361,0,653,385,80,88,1,-1,-1,-1
362,0,645,383,86,92,1,-1,-1,-1
363,0,638,385,90,91,1,-1,-1,-1
364,0,638,385,90,91,1,-1,-1,-1
365,0,638,385,91,91,1,-1,-1,-1
366,0,638,385,90,91,1,-1,-1,-1
367,0,638,385,90,91,1,-1,-1,-1
368,0,638,385,90,91,1,-1,-1,-1
369,0,637,385,90,91,1,-1,-1,-1
370,0,637,385,90,91,1,-1,-1,-1
371,0,637,385,90,91,1,-1,-1,-1
372,0,617,393,79,85,1,-1,-1,-1
373,0,617,389,87,90,1,-1,-1,-1
374,0,602,391,71,86,1,-1,-1,-1
375,0,594,393,72,81,1,-1,-1,-1
376,0,595,392,67,80,1,-1,-1,-1
377,0,596,395,59,78,1,-1,-1,-1
378,0,594,392,58,74,1,-1,-1,-1
379,0,595,392,57,74,1,-1,-1,-1
380,0,595,392,57,74,1,-1,-1,-1
381,0,595,392,57,74,1,-1,-1,-1
382,0,595,392,57,73,1,-1,-1,-1
383,0,595,393,57,72,1,-1,-1,-1
384,0,596,393,56,72,1,-1,-1,-1
385,0,544.7945205479452,396.1095890410959,79.82191780821915,90.56164383561645,1,-1,-1,-1
386,0,543,392,74,85,1,-1,-1,-1
388,0,526,394,88,91,1,-1,-1,-1
389,0,518,391,87,92,1,-1,-1,-1
390,0,513,395,89,84,1,-1,-1,-1
391,0,509,388,88,89,1,-1,-1,-1
392,0,508,394,80,83,1,-1,-1,-1
393,0,506,400,76,79,1,-1,-1,-1
394,0,506,400,76,79,1,-1,-1,-1
395,0,506,400,75,79,1,-1,-1,-1
396,0,506,399,76,80,1,-1,-1,-1
397,0,506,399,76,80,1,-1,-1,-1
398,0,506,399,75,80,1,-1,-1,-1
399,0,506,400,74,79,1,-1,-1,-1
400,0,481,389,77,87,1,-1,-1,-1
401,0,479,388,77,89,1,-1,-1,-1
402,0,479,388,76,89,1,-1,-1,-1
403,0,479,388,77,90,1,-1,-1,-1
404,0,480,389,79,91,1,-1,-1,-1
405,0,481,389,77,91,1,-1,-1,-1
406,0,484,391,76,92,1,-1,-1,-1
407,0,484,392,78,92,1,-1,-1,-1
408,0,486,393,79,92,1,-1,-1,-1
409,0,486,393,79,92,1,-1,-1,-1
410,0,486,393,79,92,1,-1,-1,-1
411,0,486,393,78,92,1,-1,-1,-1
412,0,486,393,78,92,1,-1,-1,-1
413,0,486,393,78,92,1,-1,-1,-1
414,0,486,394,78,90,1,-1,-1,-1
415,0,486,394,79,90,1,-1,-1,-1
416,0,485,394,79,90,1,-1,-1,-1
417,0,485,394,79,90,1,-1,-1,-1
418,0,518,396,94,103,1,-1,-1,-1
419,0,520,398,92,99,1,-1,-1,-1
420,0,521,399,96,99,1,-1,-1,-1
421,0,522,396,99,105,1,-1,-1,-1
422,0,527,400,93,101,1,-1,-1,-1
423,0,529,401,94,103,1,-1,-1,-1
424,0,530,401,95,103,1,-1,-1,-1
425,0,531,400,94,105,1,-1,-1,-1
426,0,531,401,94,104,1,-1,-1,-1
427,0,531,401,94,104,1,-1,-1,-1
428,0,531,401,94,104,1,-1,-1,-1
429,0,531,401,94,104,1,-1,-1,-1
430,0,531,400,94,105,1,-1,-1,-1
431,0,531,400,95,105,1,-1,-1,-1
432,0,531,400,95,106,1,-1,-1,-1
433,0,533,417,88,99,1,-1,-1,-1
434,0,528,413,93,107,1,-1,-1,-1
435,0,525,414,93,106,1,-1,-1,-1
436,0,520,407,99,114,1,-1,-1,-1
437,0,518,410,97,112,1,-1,-1,-1
438,0,514,413,95,113,1,-1,-1,-1
439,0,514,413,95,113,1,-1,-1,-1
440,0,514,413,95,112,1,-1,-1,-1
441,0,514,413,95,112,1,-1,-1,-1
442,0,514,413,96,112,1,-1,-1,-1
443,0,514,413,96,112,1,-1,-1,-1
444,0,514,413,96,112,1,-1,-1,-1
445,0,514,413,96,112,1,-1,-1,-1
446,0,512,420,88,105,1,-1,-1,-1
447,0,499,424,89,106,1,-1,-1,-1
448,0,502,429,85,100,1,-1,-1,-1
449,0,503,428,84,101,1,-1,-1,-1
450,0,503,423,89,106,1,-1,-1,-1
451,0,504,422,92,106,1,-1,-1,-1
452,0,508,418,98,108,1,-1,-1,-1
453,0,511,416,94,109,1,-1,-1,-1
454,0,511,417,94,108,1,-1,-1,-1
455,0,511,417,94,107,1,-1,-1,-1
456,0,511,417,94,108,1,-1,-1,-1
457,0,511,417,94,108,1,-1,-1,-1
458,0,511,417,94,108,1,-1,-1,-1
459,0,511,417,94,108,1,-1,-1,-1
460,0,511,417,94,108,1,-1,-1,-1
461,0,523,412,99,110,1,-1,-1,-1
462,0,553,423,86,93,1,-1,-1,-1
463,0,559,434,79,80,1,-1,-1,-1
464,0,565,438,70,76,1,-1,-1,-1
465,0,566,434,81,79,1,-1,-1,-1
466,0,570,421,81,93,1,-1,-1,-1
467,0,570,433,83,83,1,-1,-1,-1
468,0,574,420,86,99,1,-1,-1,-1
469,0,574,420,86,99,1,-1,-1,-1
470,0,574,420,86,99,1,-1,-1,-1
471,0,574,423,86,97,1,-1,-1,-1
472,0,575,423,85,97,1,-1,-1,-1
473,0,575,423,85,97,1,-1,-1,-1
474,0,575,422,85,99,1,-1,-1,-1
475,0,575,424,85,96,1,-1,-1,-1
476,0,575,424,85,96,1,-1,-1,-1
477,0,575,424,85,96,1,-1,-1,-1
478,0,584,443,76,80,1,-1,-1,-1
479,0,582,430,89,100,1,-1,-1,-1
480,0,583,432,89,100,1,-1,-1,-1
481,0,583,432,91,101,1,-1,-1,-1
482,0,583,432,92,101,1,-1,-1,-1
483,0,584,431,90,100,1,-1,-1,-1
484,0,584,431,90,100,1,-1,-1,-1
485,0,584,431,90,100,1,-1,-1,-1
486,0,584,431,90,100,1,-1,-1,-1
487,0,584,431,90,102,1,-1,-1,-1
488,0,584,431,90,102,1,-1,-1,-1
489,0,584,431,90,102,1,-1,-1,-1
490,0,584,431,90,102,1,-1,-1,-1
491,0,583,433,90,102,1,-1,-1,-1
492,0,584,433,91,105,1,-1,-1,-1
493,0,592,441,93,98,1,-1,-1,-1
494,0,594,442,90,96,1,-1,-1,-1
495,0,595,441,90,96,1,-1,-1,-1
496,0,594,440,91,98,1,-1,-1,-1
497,0,594,440,91,97,1,-1,-1,-1
498,0,591,441,94,99,1,-1,-1,-1
499,0,591,441,94,99,1,-1,-1,-1
500,0,591,441,93,99,1,-1,-1,-1
501,0,591,441,93,99,1,-1,-1,-1
502,0,591,441,93,99,1,-1,-1,-1
503,0,591,441,93,99,1,-1,-1,-1
504,0,591,442,93,98,1,-1,-1,-1
505,0,591,442,93,98,1,-1,-1,-1
506,0,590,444,93,95,1,-1,-1,-1
507,0,589,443,93,96,1,-1,-1,-1
508,0,587,440,96,100,1,-1,-1,-1
509,0,585,440,96,101,1,-1,-1,-1
510,0,585,439,96,102,1,-1,-1,-1
511,0,585,438,95,102,1,-1,-1,-1
512,0,586,438,92,100,1,-1,-1,-1
513,0,583,437,95,100,1,-1,-1,-1
514,0,583,437,95,100,1,-1,-1,-1
515,0,583,437,95,100,1,-1,-1,-1
516,0,583,437,95,100,1,-1,-1,-1
517,0,583,437,95,100,1,-1,-1,-1
518,0,583,438,95,99,1,-1,-1,-1
519,0,583,438,95,99,1,-1,-1,-1
520,0,583,438,95,99,1,-1,-1,-1
521,0,582,437,95,100,1,-1,-1,-1
522,0,583,439,97,101,1,-1,-1,-1
523,0,583,439,98,101,1,-1,-1,-1
524,0,584,440,97,100,1,-1,-1,-1
525,0,585,439,96,99,1,-1,-1,-1
526,0,585,440,96,101,1,-1,-1,-1
527,0,587,438,94,100,1,-1,-1,-1
528,0,586,439,95,101,1,-1,-1,-1
529,0,586,439,95,101,1,-1,-1,-1
530,0,586,439,95,101,1,-1,-1,-1
531,0,586,439,95,101,1,-1,-1,-1
532,0,586,439,95,101,1,-1,-1,-1
533,0,585,439,96,101,1,-1,-1,-1
534,0,585,439,96,101,1,-1,-1,-1
535,0,586,439,94,101,1,-1,-1,-1
536,0,586,439,94,101,1,-1,-1,-1
537,0,586,439,94,101,1,-1,-1,-1
538,0,585,439,95,101,1,-1,-1,-1
539,0,589,439,94,99,1,-1,-1,-1
540,0,592,439,92,98,1,-1,-1,-1
541,0,591,439,92,97,1,-1,-1,-1
542,0,591,439,93,99,1,-1,-1,-1
543,0,590,438,92,98,1,-1,-1,-1
544,0,590,438,92,98,1,-1,-1,-1
545,0,590,438,92,98,1,-1,-1,-1
546,0,590,438,92,98,1,-1,-1,-1
547,0,589,438,93,99,1,-1,-1,-1
548,0,589,438,93,98,1,-1,-1,-1
549,0,589,438,93,99,1,-1,-1,-1
550,0,590,437,92,102,1,-1,-1,-1
551,0,590,437,92,102,1,-1,-1,-1
552,0,588,436,94,105,1,-1,-1,-1
553,0,589,435,93,102,1,-1,-1,-1
554,0,590,435,92,103,1,-1,-1,-1
555,0,590,435,92,103,1,-1,-1,-1
556,0,590,436,92,99,1,-1,-1,-1
557,0,591,436,91,101,1,-1,-1,-1
558,0,589,435,94,101,1,-1,-1,-1
559,0,589,435,94,101,1,-1,-1,-1
560,0,589,435,94,101,1,-1,-1,-1
561,0,589,435,94,101,1,-1,-1,-1
562,0,589,435,94,101,1,-1,-1,-1
563,0,590,435,93,101,1,-1,-1,-1
564,0,590,435,93,101,1,-1,-1,-1
565,0,590,435,93,101,1,-1,-1,-1
566,0,593,439,92,97,1,-1,-1,-1
567,0,594,439,92,97,1,-1,-1,-1
568,0,594,439,91,97,1,-1,-1,-1
569,0,594,439,91,98,1,-1,-1,-1
570,0,594,439,91,97,1,-1,-1,-1
571,0,593,438,92,99,1,-1,-1,-1
572,0,594,440,91,97,1,-1,-1,-1
573,0,594,439,92,99,1,-1,-1,-1
574,0,594,438,92,100,1,-1,-1,-1
575,0,597,439,88,98,1,-1,-1,-1
576,0,597,439,88,98,1,-1,-1,-1
577,0,596,439,89,98,1,-1,-1,-1
578,0,596,439,89,98,1,-1,-1,-1
579,0,597,439,88,98,1,-1,-1,-1
580,0,595,439,91,100,1,-1,-1,-1
581,0,596,438,89,99,1,-1,-1,-1
582,0,594,437,91,100,1,-1,-1,-1
583,0,594,437,91,100,1,-1,-1,-1
584,0,593,437,92,99,1,-1,-1,-1
585,0,594,437,91,99,1,-1,-1,-1
586,0,593,437,92,99,1,-1,-1,-1
587,0,594,437,91,98,1,-1,-1,-1
588,0,592,436,93,102,1,-1,-1,-1
589,0,592,437,93,101,1,-1,-1,-1
590,0,592,437,93,101,1,-1,-1,-1
591,0,592,436,93,102,1,-1,-1,-1
592,0,592,437,93,101,1,-1,-1,-1
593,0,592,437,93,101,1,-1,-1,-1
594,0,592,436,92,102,1,-1,-1,-1
595,0,592,436,91,101,1,-1,-1,-1
596,0,592,436,91,101,1,-1,-1,-1
597,0,590,435,92,102,1,-1,-1,-1
598,0,590,435,92,102,1,-1,-1,-1
599,0,590,435,93,103,1,-1,-1,-1
600,0,588,435,92,100,1,-1,-1,-1
601,0,591,435,89,101,1,-1,-1,-1
602,0,589,434,89,102,1,-1,-1,-1
603,0,587,433,90,102,1,-1,-1,-1
604,0,587,433,90,102,1,-1,-1,-1
605,0,587,433,90,102,1,-1,-1,-1
606,0,587,433,90,103,1,-1,-1,-1
607,0,587,433,90,102,1,-1,-1,-1
608,0,587,433,90,102,1,-1,-1,-1
609,0,582,431,93,103,1,-1,-1,-1
610,0,583,433,91,101,1,-1,-1,-1
611,0,583,432,91,102,1,-1,-1,-1
612,0,582,432,92,102,1,-1,-1,-1
613,0,581,432,93,103,1,-1,-1,-1
614,0,581,433,93,103,1,-1,-1,-1
615,0,582,432,92,103,1,-1,-1,-1
616,0,582,432,92,103,1,-1,-1,-1
617,0,582,432,91,103,1,-1,-1,-1
618,0,584,431,90,102,1,-1,-1,-1
619,0,584,431,90,101,1,-1,-1,-1
620,0,584,431,90,101,1,-1,-1,-1
621,0,584,431,90,101,1,-1,-1,-1
622,0,584,431,90,102,1,-1,-1,-1
623,0,584,432,90,101,1,-1,-1,-1
624,0,585,436,91,100,1,-1,-1,-1
625,0,583,435,93,101,1,-1,-1,-1
626,0,587,450,83,87,1,-1,-1,-1
627,0,585,437,90,100,1,-1,-1,-1
628,0,584,437,91,100,1,-1,-1,-1
629,0,584,438,91,100,1,-1,-1,-1
630,0,584,438,91,100,1,-1,-1,-1
631,0,584,439,92,100,1,-1,-1,-1
632,0,584,439,92,98,1,-1,-1,-1
633,0,584,440,92,98,1,-1,-1,-1
634,0,582,439,95,101,1,-1,-1,-1
635,0,582,439,95,101,1,-1,-1,-1
636,0,584,440,92,98,1,-1,-1,-1
637,0,585,438,91,99,1,-1,-1,-1
638,0,585,439,94,101,1,-1,-1,-1
639,0,588,438,91,103,1,-1,-1,-1
640,0,588,439,92,103,1,-1,-1,-1
641,0,587,438,93,104,1,-1,-1,-1
642,0,587,438,93,104,1,-1,-1,-1
643,0,589,441,92,99,1,-1,-1,-1
644,0,588,439,93,102,1,-1,-1,-1
645,0,587,439,94,104,1,-1,-1,-1
646,0,588,442,93,101,1,-1,-1,-1
647,0,589,441,94,102,1,-1,-1,-1
648,0,589,442,95,104,1,-1,-1,-1
649,0,589,442,95,104,1,-1,-1,-1
650,0,591,444,92,102,1,-1,-1,-1
651,0,591,444,92,102,1,-1,-1,-1
652,0,590,444,95,101,1,-1,-1,-1
653,0,591,444,92,101,1,-1,-1,-1
654,0,590,441,93,101,1,-1,-1,-1
655,0,591,441,91,102,1,-1,-1,-1
656,0,591,439,91,103,1,-1,-1,-1
657,0,591,438,91,105,1,-1,-1,-1
658,0,591,439,91,102,1,-1,-1,-1
659,0,590,435,91,106,1,-1,-1,-1
660,0,591,437,89,102,1,-1,-1,-1
661,0,594,435,88,102,1,-1,-1,-1
662,0,592,433,89,103,1,-1,-1,-1
663,0,592,433,86,100,1,-1,-1,-1
664,0,592,433,86,100,1,-1,-1,-1
665,0,592,433,86,100,1,-1,-1,-1
666,0,592,433,86,100,1,-1,-1,-1
667,0,592,433,87,101,1,-1,-1,-1
668,0,589,427,87,101,1,-1,-1,-1
669,0,587,429,84,98,1,-1,-1,-1
670,0,586,428,79,95,1,-1,-1,-1
671,0,586,444,72,78,1,-1,-1,-1
672,0,583,447,73,76,1,-1,-1,-1
673,0,584,446,70,72,1,-1,-1,-1
674,0,581,451,64,64,1,-1,-1,-1
675,0,575,457,58,56,1,-1,-1,-1
676,0,574,453,55,56,1,-1,-1,-1
677,0,567,448,66,67,1,-1,-1,-1
678,0,566,448,64,66,1,-1,-1,-1
679,0,564,448,63,66,1,-1,-1,-1
680,0,562,449,63,64,1,-1,-1,-1
681,0,560,449,62,64,1,-1,-1,-1
682,0,560,416,76,86,1,-1,-1,-1
683,0,546,421,82,83,1,-1,-1,-1
684,0,548,439,74,66,1,-1,-1,-1
685,0,544,427,79,75,1,-1,-1,-1
686,0,540,425,81,77,1,-1,-1,-1
687,0,542,427,82,74,1,-1,-1,-1
688,0,537,437,79,65,1,-1,-1,-1
689,0,536,439,85,64,1,-1,-1,-1
690,0,536,440,84,63,1,-1,-1,-1
691,0,538,440,81,61,1,-1,-1,-1
692,0,539,417,86,80,1,-1,-1,-1
693,0,536,406,89,88,1,-1,-1,-1
694,0,536,405,89,89,1,-1,-1,-1
695,0,536,403,89,90,1,-1,-1,-1
696,0,534,399,95,92,1,-1,-1,-1
697,0,537,399,84,89,1,-1,-1,-1
698,0,534,391,91,96,1,-1,-1,-1
699,0,530,387,99,100,1,-1,-1,-1
700,0,532,389,92,92,1,-1,-1,-1
701,0,532,387,91,92,1,-1,-1,-1
702,0,531,385,91,91,1,-1,-1,-1
703,0,558,387,82,85,1,-1,-1,-1
704,0,570,380,81,83,1,-1,-1,-1
705,0,570,379,85,85,1,-1,-1,-1
706,0,575,378,88,84,1,-1,-1,-1
707,0,580,375,90,85,1,-1,-1,-1
708,0,604,376,70,82,1,-1,-1,-1
709,0,603,375,71,83,1,-1,-1,-1
710,0,603,375,71,83,1,-1,-1,-1
711,0,603,375,72,83,1,-1,-1,-1
712,0,614,371,81,86,1,-1,-1,-1
713,0,617,368,82,87,1,-1,-1,-1
714,0,620,368,85,86,1,-1,-1,-1
715,0,626,369,78,84,1,-1,-1,-1
716,0,625,369,83,85,1,-1,-1,-1
717,0,627,371,85,86,1,-1,-1,-1
718,0,630,370,79,86,1,-1,-1,-1
719,0,630,370,77,85,1,-1,-1,-1
720,0,628,370,77,83,1,-1,-1,-1
721,0,627,371,80,86,1,-1,-1,-1
722,0,625,370,78,84,1,-1,-1,-1
723,0,620,370,83,85,1,-1,-1,-1
724,0,620,370,83,85,1,-1,-1,-1
725,0,622,370,81,84,1,-1,-1,-1
726,0,621,370,83,85,1,-1,-1,-1
727,0,616,370,80,85,1,-1,-1,-1
728,0,617,370,76,83,1,-1,-1,-1
729,0,615,369,79,85,1,-1,-1,-1
730,0,616,370,75,84,1,-1,-1,-1
731,0,616,370,75,85,1,-1,-1,-1
732,0,615,368,75,89,1,-1,-1,-1
733,0,615,368,74,87,1,-1,-1,-1
734,0,614,367,75,88,1,-1,-1,-1
735,0,614,368,75,87,1,-1,-1,-1
736,0,613,368,77,87,1,-1,-1,-1
737,0,613,368,77,87,1,-1,-1,-1
738,0,610,369,80,87,1,-1,-1,-1
739,0,610,369,80,87,1,-1,-1,-1
740,0,610,369,80,87,1,-1,-1,-1
741,0,610,369,80,87,1,-1,-1,-1
742,0,610,368,79,88,1,-1,-1,-1
743,0,610,369,78,88,1,-1,-1,-1
744,0,610,369,78,88,1,-1,-1,-1
745,0,610,368,79,89,1,-1,-1,-1
746,0,610,369,79,88,1,-1,-1,-1
747,0,610,369,79,88,1,-1,-1,-1
748,0,610,369,79,88,1,-1,-1,-1
749,0,610,369,79,88,1,-1,-1,-1
750,0,610,369,79,87,1,-1,-1,-1
751,0,610,368,78,87,1,-1,-1,-1
752,0,610,368,78,89,1,-1,-1,-1
753,0,608,369,79,88,1,-1,-1,-1
754,0,608,368,79,88,1,-1,-1,-1
755,0,608,368,79,88,1,-1,-1,-1
756,0,608,368,79,88,1,-1,-1,-1
757,0,607,369,78,86,1,-1,-1,-1
758,0,610,370,77,87,1,-1,-1,-1
759,0,611,371,76,87,1,-1,-1,-1
760,0,611,371,76,86,1,-1,-1,-1
761,0,610,370,78,89,1,-1,-1,-1
762,0,612,372,72,86,1,-1,-1,-1
763,0,609,371,78,87,1,-1,-1,-1
764,0,610,370,77,88,1,-1,-1,-1
765,0,611,370,74,88,1,-1,-1,-1
766,0,612,370,73,86,1,-1,-1,-1
767,0,612,370,73,87,1,-1,-1,-1
768,0,613,370,71,85,1,-1,-1,-1
769,0,613,370,72,84,1,-1,-1,-1
770,0,613,370,72,83,1,-1,-1,-1
771,0,613,370,72,84,1,-1,-1,-1
772,0,614,370,71,84,1,-1,-1,-1
