0,0,387,722,110,123,1,-1,-1,-1
0,1,682,386,48,53,1,-1,-1,-1
0,2,658,612,72,85,1,-1,-1,-1
1,0,387,722,110,123,1,-1,-1,-1
1,1,682,386,48,52,1,-1,-1,-1
1,2,658,612,72,85,1,-1,-1,-1
2,0,387,722,110,123,1,-1,-1,-1
2,1,681,386,49,53,1,-1,-1,-1
2,2,659,613,71,84,1,-1,-1,-1
3,0,387,722,110,123,1,-1,-1,-1
3,1,682,386,48,53,1,-1,-1,-1
3,2,659,613,71,84,1,-1,-1,-1
4,0,387,722,110,123,1,-1,-1,-1
4,1,682,386,48,53,1,-1,-1,-1
4,2,658,613,72,84,1,-1,-1,-1
5,0,387,722,110,123,1,-1,-1,-1
5,1,682,386,48,53,1,-1,-1,-1
5,2,658,613,72,84,1,-1,-1,-1
6,0,387,722,110,123,1,-1,-1,-1
6,1,682,386,48,53,1,-1,-1,-1
6,2,658,613,72,84,1,-1,-1,-1
7,0,387,722,110,123,1,-1,-1,-1
7,1,682,386,48,53,1,-1,-1,-1
7,2,658,612,72,85,1,-1,-1,-1
8,0,391,722,106,123,1,-1,-1,-1
8,1,681,384,50,55,1,-1,-1,-1
8,2,657,614,72,82,1,-1,-1,-1
9,0,393,722,106,123,1,-1,-1,-1
9,1,682,385,50,55,1,-1,-1,-1
9,2,651,614,73,77,1,-1,-1,-1
10,0,394,725,106,118,1,-1,-1,-1
10,1,685,386,47,50,1,-1,-1,-1
10,2,643,611,74,81,1,-1,-1,-1
11,0,394,725,107,119,1,-1,-1,-1
11,1,685,384,53,56,1,-1,-1,-1
11,2,643,603,75,90,1,-1,-1,-1
12,0,393,726,109,117,1,-1,-1,-1
12,1,686,385,52,56,1,-1,-1,-1
12,2,643,598,75,95,1,-1,-1,-1
13,0,392.0,725.0,107.0,120.0,1,-1,-1,-1
13,1,684.0,386.0,54.0,55.0,1,-1,-1,-1
13,2,635.0,610.0,76.0,85.0,1,-1,-1,-1
13,3,1.333333333333334,599.3333333333334,48.611111111111114,87.5,1,-1,-1,-1
14,0,388,725,109,123,1,-1,-1,-1
14,1,685,387,55,55,1,-1,-1,-1
14,2,633,616,74,79,1,-1,-1,-1
14,3,5.111111111111111,600.6111111111111,52.00925925925927,86.41666666666674,1,-1,-1,-1
15,0,387,725,109,122,1,-1,-1,-1
15,1,686,386,54,57,1,-1,-1,-1
15,2,630,620,75,81,1,-1,-1,-1
15,3,8.888888888888888,601.8888888888889,55.40740740740742,85.33333333333337,1,-1,-1,-1
16,0,384,724,110,123,1,-1,-1,-1
16,1,685,385,54,56,1,-1,-1,-1
16,2,623,612,79,93,1,-1,-1,-1
16,3,12.666666666666664,603.1666666666667,58.805555555555564,84.25,1,-1,-1,-1
17,0,377,722,112,125,1,-1,-1,-1
17,1,687,386,54,56,1,-1,-1,-1
17,2,617,611,80,97,1,-1,-1,-1
17,3,16.444444444444443,604.4444444444446,62.20370370370371,83.16666666666663,1,-1,-1,-1
18,0,370,722,112,126,1,-1,-1,-1
18,1,687,385,55,59,1,-1,-1,-1
18,2,613,608,81,104,1,-1,-1,-1
18,3,20.22222222222222,605.7222222222224,65.60185185185185,82.08333333333326,1,-1,-1,-1
19,0,370,722,113,126,1,-1,-1,-1
19,1,686,386,56,58,1,-1,-1,-1
19,2,612,608,83,104,1,-1,-1,-1
19,3,24,607,69,81,1,-1,-1,-1
20,0,364,722,106,124,1,-1,-1,-1
20,1,685,386,57,57,1,-1,-1,-1
20,2,610,615,81,104,1,-1,-1,-1
20,3,30,606,68,82,1,-1,-1,-1
21,0,354,718,106,126,1,-1,-1,-1
21,1,685,386,57,55,1,-1,-1,-1
21,2,604,614,79,105,1,-1,-1,-1
21,3,34.355555555555554,607.8333333333334,68.56111111111112,82.96666666666658,1,-1,-1,-1
22,0,339,719,108,128,1,-1,-1,-1
22,1,687,385,56,56,1,-1,-1,-1
22,2,594,611,85,114,1,-1,-1,-1
22,3,38.71111111111111,609.6666666666667,69.12222222222223,83.93333333333317,1,-1,-1,-1
23,0,324,718,107,130,1,-1,-1,-1
23,1,689,386,55,55,1,-1,-1,-1
23,2,587,623,83,106,1,-1,-1,-1
23,3,43.06666666666666,611.5000000000001,69.68333333333335,84.89999999999975,1,-1,-1,-1
24,0,310,717,105,132,1,-1,-1,-1
24,1,690,384,54,58,1,-1,-1,-1
24,2,581,625,84,104,1,-1,-1,-1
24,3,47.42222222222222,613.3333333333335,70.24444444444447,85.86666666666633,1,-1,-1,-1
25,0,276,712,106,131,1,-1,-1,-1
25,1,690,388,54,54,1,-1,-1,-1
25,2,563,625,89,113,1,-1,-1,-1
25,3,51.77777777777777,615.1666666666669,70.80555555555559,86.83333333333292,1,-1,-1,-1
26,0,257,709,107,132,1,-1,-1,-1
26,1,689,388,56,54,1,-1,-1,-1
26,2,558,625,90,115,1,-1,-1,-1
26,3,56.133333333333326,617.0000000000002,71.3666666666667,87.7999999999995,1,-1,-1,-1
27,0,239,708,109,134,1,-1,-1,-1
27,1,690,388,54,53,1,-1,-1,-1
27,2,553,625,91,115,1,-1,-1,-1
27,3,60.48888888888888,618.8333333333336,71.9277777777778,88.76666666666608,1,-1,-1,-1
28,0,239,708,109,134,1,-1,-1,-1
28,1,690,387,54,54,1,-1,-1,-1
28,2,553,624,90,115,1,-1,-1,-1
28,3,64.84444444444443,620.666666666667,72.48888888888891,89.73333333333267,1,-1,-1,-1
29,0,207,710,104,124,1,-1,-1,-1
29,1,686,386,58,55,1,-1,-1,-1
29,2,553,633,82,119,1,-1,-1,-1
29,3,69.19999999999999,622.5000000000003,73.05000000000001,90.69999999999925,1,-1,-1,-1
30,0,192.0,708.0,105.0,123.0,1,-1,-1,-1
30,1,685.0,386.0,58.0,55.0,1,-1,-1,-1
30,2,548.0,636.0,84.0,120.0,1,-1,-1,-1
30,3,73.55555555555556,624.3333333333334,73.61111111111113,91.66666666666663,1,-1,-1,-1
31,0,179,708,103,118,1,-1,-1,-1
31,1,684,385,59,57,1,-1,-1,-1
31,2,545,642,84,128,1,-1,-1,-1
31,3,71.7280701754386,623.5292397660819,73.31871345029242,91.59356725146199,1,-1,-1,-1
32,0,170,703,101,123,1,-1,-1,-1
32,1,686,386,54,56,1,-1,-1,-1
32,2,542,647,84,122,1,-1,-1,-1
32,3,69.90058479532165,622.7251461988304,73.02631578947371,91.52046783625735,1,-1,-1,-1
33,0,157,703,104,124,1,-1,-1,-1
33,1,683,386,57,56,1,-1,-1,-1
33,2,547,694,73,80,1,-1,-1,-1
33,3,68.0730994152047,621.921052631579,72.733918128655,91.44736842105272,1,-1,-1,-1
34,0,150,706,99,115,1,-1,-1,-1
34,1,682,387,58,56,1,-1,-1,-1
34,2,538,678,81,103,1,-1,-1,-1
34,3,66.24561403508774,621.1169590643275,72.4415204678363,91.37426900584808,1,-1,-1,-1
35,0,137,705,103,119,1,-1,-1,-1
35,1,682,385,56,57,1,-1,-1,-1
35,2,536,694,80,96,1,-1,-1,-1
35,3,64.41812865497079,620.312865497076,72.14912280701759,91.30116959064344,1,-1,-1,-1
36,0,126,705,103,119,1,-1,-1,-1
36,1,681,386,55,56,1,-1,-1,-1
36,2,531,681,82,109,1,-1,-1,-1
36,3,62.590643274853825,619.5087719298245,71.8567251461989,91.2280701754388,1,-1,-1,-1
37,0,120,709,101,120,1,-1,-1,-1
37,1,679,386,53,56,1,-1,-1,-1
37,2,533,697,82,94,1,-1,-1,-1
37,3,60.763157894736864,618.7046783625731,71.56432748538019,91.15497076023416,1,-1,-1,-1
38,0,108,711,104,120,1,-1,-1,-1
38,1,679,386,52,57,1,-1,-1,-1
38,2,533,697,81,97,1,-1,-1,-1
38,3,58.9356725146199,617.9005847953216,71.27192982456148,91.08187134502953,1,-1,-1,-1
39,0,102,714,102,117,1,-1,-1,-1
39,1,677,386,52,57,1,-1,-1,-1
39,2,537,705,77,89,1,-1,-1,-1
39,3,57.10818713450294,617.0964912280701,70.97953216374279,91.00877192982489,1,-1,-1,-1
40,0,94,712,100,126,1,-1,-1,-1
40,1,674,386,53,56,1,-1,-1,-1
40,2,530,690,81,101,1,-1,-1,-1
40,3,55.28070175438598,616.2923976608187,70.68713450292407,90.93567251462025,1,-1,-1,-1
41,0,84,720,99,115,1,-1,-1,-1
41,1,675,385,53,58,1,-1,-1,-1
41,2,526,679,82,111,1,-1,-1,-1
41,3,53.45321637426902,615.4883040935672,70.39473684210536,90.86257309941561,1,-1,-1,-1
42,0,75,724,99,119,1,-1,-1,-1
42,1,674,387,52,56,1,-1,-1,-1
42,2,529,681,81,110,1,-1,-1,-1
42,3,51.62573099415206,614.6842105263157,70.10233918128665,90.78947368421098,1,-1,-1,-1
43,0,64,730,99,123,1,-1,-1,-1
43,1,673,386,53,58,1,-1,-1,-1
43,2,524,676,83,111,1,-1,-1,-1
43,3,49.798245614035096,613.8801169590643,69.80994152046793,90.71637426900634,1,-1,-1,-1
44,0,56,739,92,114,1,-1,-1,-1
44,1,672,388,52,57,1,-1,-1,-1
44,2,523,677,84,111,1,-1,-1,-1
44,3,47.970760233918135,613.0760233918128,69.51754385964921,90.6432748538017,1,-1,-1,-1
45,0,35,738,101,119,1,-1,-1,-1
45,1,669,389,54,58,1,-1,-1,-1
45,2,524,677,83,111,1,-1,-1,-1
45,3,46.143274853801174,612.2719298245613,69.2251461988305,90.57017543859706,1,-1,-1,-1
46,0,22,742,101,124,1,-1,-1,-1
46,1,667,389,54,58,1,-1,-1,-1
46,2,525,680,83,108,1,-1,-1,-1
46,3,44.31578947368421,611.4678362573098,68.9327485380118,90.49707602339242,1,-1,-1,-1
47,0,11,753,103,122,1,-1,-1,-1
47,1,667,388,54,58,1,-1,-1,-1
47,2,526,676,84,110,1,-1,-1,-1
47,3,42.48830409356725,610.6637426900584,68.64035087719307,90.42397660818779,1,-1,-1,-1
48,0,10,752,103,120,1,-1,-1,-1
48,1,667,388,54,58,1,-1,-1,-1
48,2,525,674,84,111,1,-1,-1,-1
48,3,40.66081871345029,609.8596491228069,68.34795321637435,90.35087719298315,1,-1,-1,-1
49,0,0.0,761.0,96.0,113.0,1,-1,-1,-1
49,1,664.0,390.0,55.0,58.0,1,-1,-1,-1
49,2,525.0,675.0,86.0,112.0,1,-1,-1,-1
49,3,38.833333333333336,609.0555555555555,68.05555555555557,90.27777777777783,1,-1,-1,-1
50,0,0,759,87,120,1,-1,-1,-1
50,1,663,389,55,58,1,-1,-1,-1
50,2,526,669,81,96,1,-1,-1,-1
50,3,38.20202020202021,608.739898989899,67.67676767676768,90.08838383838395,1,-1,-1,-1
51,1,663,390,54,58,1,-1,-1,-1
51,2,526,667,82,97,1,-1,-1,-1
51,3,37.57070707070708,608.4242424242424,67.29797979797979,89.89898989899007,1,-1,-1,-1
52,1,666,390,54,58,1,-1,-1,-1
52,2,532,668,80,106,1,-1,-1,-1
52,3,36.93939393939395,608.1085858585858,66.91919191919192,89.70959595959619,1,-1,-1,-1
53,1,666,389,53,57,1,-1,-1,-1
53,2,527,666,83,106,1,-1,-1,-1
53,3,36.308080808080824,607.7929292929292,66.54040404040404,89.5202020202023,1,-1,-1,-1
54,1,665,389,54,57,1,-1,-1,-1
54,2,538.5,670.0,79.5,98.5,1,-1,-1,-1
54,3,35.676767676767696,607.4772727272726,66.16161616161615,89.33080808080842,1,-1,-1,-1
55,1,668,389,52,56,1,-1,-1,-1
55,2,550,674,76,91,1,-1,-1,-1
55,3,35.04545454545457,607.161616161616,65.78282828282826,89.14141414141454,1,-1,-1,-1
56,1,667,390,52,56,1,-1,-1,-1
56,2,546,641,83,115,1,-1,-1,-1
56,3,34.41414141414144,606.8459595959595,65.40404040404039,88.95202020202066,1,-1,-1,-1
57,1,667,389,53,57,1,-1,-1,-1
57,2,544,640,86,118,1,-1,-1,-1
57,3,33.78282828282831,606.5303030303029,65.02525252525251,88.76262626262678,1,-1,-1,-1
58,1,664,390,54,58,1,-1,-1,-1
58,2,549,640,84,115,1,-1,-1,-1
58,3,33.151515151515184,606.2146464646463,64.64646464646462,88.5732323232329,1,-1,-1,-1
59,1,663,390,55,58,1,-1,-1,-1
59,2,552,635,87,120,1,-1,-1,-1
59,3,32.520202020202056,605.8989898989897,64.26767676767673,88.38383838383902,1,-1,-1,-1
60,1,661,391,56,56,1,-1,-1,-1
60,2,554,633,88,116,1,-1,-1,-1
60,3,31.888888888888925,605.5833333333331,63.88888888888886,88.19444444444514,1,-1,-1,-1
61,1,661,392,56,58,1,-1,-1,-1
61,2,554,629,93,124,1,-1,-1,-1
61,3,31.257575757575793,605.2676767676766,63.51010101010098,88.00505050505126,1,-1,-1,-1
62,1,662,391,55,58,1,-1,-1,-1
62,2,558,628,96,113,1,-1,-1,-1
62,3,30.626262626262662,604.95202020202,63.13131313131311,87.81565656565738,1,-1,-1,-1
63,1,661,390,56,59,1,-1,-1,-1
63,2,561,620,97,119,1,-1,-1,-1
63,3,29.99494949494953,604.6363636363634,62.752525252525224,87.6262626262635,1,-1,-1,-1
64,1,663,390,56,61,1,-1,-1,-1
64,2,570,621,88,108,1,-1,-1,-1
64,3,29.3636363636364,604.3207070707068,62.37373737373734,87.43686868686962,1,-1,-1,-1
65,1,663,390,57,60,1,-1,-1,-1
65,2,581,617,85,109,1,-1,-1,-1
65,3,28.732323232323267,604.0050505050502,61.994949494949466,87.24747474747574,1,-1,-1,-1
66,1,663,391,55,57,1,-1,-1,-1
66,2,586,617,85,107,1,-1,-1,-1
66,3,28.101010101010136,603.6893939393937,61.61616161616159,87.05808080808185,1,-1,-1,-1
67,1,664,391,56,57,1,-1,-1,-1
67,2,596,617,87,111,1,-1,-1,-1
67,3,27.469696969697004,603.3737373737371,61.23737373737371,86.86868686868797,1,-1,-1,-1
68,1,665,391,54,57,1,-1,-1,-1
68,2,597,615,88,110,1,-1,-1,-1
68,3,26.838383838383873,603.0580808080805,60.858585858585826,86.67929292929409,1,-1,-1,-1
69,1,665,391,54,57,1,-1,-1,-1
69,2,607,618,75,91,1,-1,-1,-1
69,3,26.20707070707074,602.7424242424239,60.47979797979795,86.48989898990021,1,-1,-1,-1
70,1,667,392,52,56,1,-1,-1,-1
70,2,611,605,83,105,1,-1,-1,-1
70,3,25.57575757575761,602.4267676767673,60.101010101010075,86.30050505050633,1,-1,-1,-1
71,1,666.0,391.0,53.0,56.0,1,-1,-1,-1
71,2,615.0,609.0,82.0,96.0,1,-1,-1,-1
71,3,24.944444444444446,602.1111111111111,59.72222222222223,86.1111111111112,1,-1,-1,-1
72,1,667.0,391.0,53.0,55.0,1,-1,-1,-1
72,2,625.0,607.0,74.0,89.0,1,-1,-1,-1
72,3,23.97222222222222,604.0555555555555,61.86111111111112,83.05555555555554,1,-1,-1,-1
72,4,2.722222222222223,738.2222222222223,61.11111111111112,100.0,1,-1,-1,-1
73,1,667,391,53,56,1,-1,-1,-1
73,2,627,606,74,90,1,-1,-1,-1
73,3,23,606,64,80,1,-1,-1,-1
73,4,4.5069444444444455,735.5694444444445,65.22222222222223,101.125,1,-1,-1,-1
74,1,667,391,53,55,1,-1,-1,-1
74,2,628,608,72,88,1,-1,-1,-1
74,3,23,606,64,80,1,-1,-1,-1
74,4,6.291666666666668,732.9166666666666,69.33333333333333,102.25,1,-1,-1,-1
75,1,667,391,53,56,1,-1,-1,-1
75,2,626,608,70,89,1,-1,-1,-1
75,3,22,607,65,79,1,-1,-1,-1
75,4,8.07638888888889,730.2638888888888,73.44444444444444,103.375,1,-1,-1,-1
76,1,666,390,56,59,1,-1,-1,-1
76,2,637,623,70,69,1,-1,-1,-1
76,3,10,606,65,79,1,-1,-1,-1
76,4,9.86111111111111,727.611111111111,77.55555555555554,104.5,1,-1,-1,-1
77,1,665,390,57,59,1,-1,-1,-1
77,2,645,623,69,68,1,-1,-1,-1
77,3,0,599,67,84,1,-1,-1,-1
77,4,11.645833333333332,724.9583333333331,81.66666666666666,105.625,1,-1,-1,-1
78,1,664,390,58,59,1,-1,-1,-1
78,2,641,617,72,74,1,-1,-1,-1
78,3,0,600,67,83,1,-1,-1,-1
78,4,13.430555555555554,722.3055555555553,85.77777777777776,106.75,1,-1,-1,-1
79,1,667,390,55,57,1,-1,-1,-1
79,2,643,629,61,62,1,-1,-1,-1
79,4,15.215277777777775,719.6527777777775,89.88888888888887,107.875,1,-1,-1,-1
80,1,667,390,54,57,1,-1,-1,-1
80,2,644,626,61,64,1,-1,-1,-1
80,4,17,717,94,109,1,-1,-1,-1
81,1,667,390,54,57,1,-1,-1,-1
81,2,644,627,58,63,1,-1,-1,-1
81,4,17,717,94,109,1,-1,-1,-1
82,1,666,390,55,54,1,-1,-1,-1
82,2,643,620,68,73,1,-1,-1,-1
82,4,22,714,90,102,1,-1,-1,-1
83,1,667,390,54,56,1,-1,-1,-1
83,2,646,623,67,69,1,-1,-1,-1
83,4,23,713,91,103,1,-1,-1,-1
84,1,667,391,54,56,1,-1,-1,-1
84,2,647,623,67,70,1,-1,-1,-1
84,4,23,713,92,107,1,-1,-1,-1
85,1,667,390,55,57,1,-1,-1,-1
85,2,648,619,68,75,1,-1,-1,-1
85,4,25,715,87,98,1,-1,-1,-1
86,1,667,390,55,57,1,-1,-1,-1
86,2,646,614,70,81,1,-1,-1,-1
86,4,25,715,86,98,1,-1,-1,-1
87,1,675,391,49,52,1,-1,-1,-1
87,2,644,610,72,87,1,-1,-1,-1
87,4,21,719,91,107,1,-1,-1,-1
88,1,675,391,49,52,1,-1,-1,-1
88,2,645,612,71,82,1,-1,-1,-1
88,4,17,717,93,104,1,-1,-1,-1
89,1,675,390,49,53,1,-1,-1,-1
89,2,645,611,69,83,1,-1,-1,-1
89,4,13,720,90,108,1,-1,-1,-1
90,1,675,390,49,53,1,-1,-1,-1
90,2,644,606,70,87,1,-1,-1,-1
90,4,13,719,90,109,1,-1,-1,-1
91,1,674,391,51,55,1,-1,-1,-1
91,2,643,624,67,68,1,-1,-1,-1
91,4,12,721,93,109,1,-1,-1,-1
92,1,672,392,52,56,1,-1,-1,-1
92,2,645,625,68,68,1,-1,-1,-1
92,4,9,721,91,110,1,-1,-1,-1
93,1,676,391,50,55,1,-1,-1,-1
93,2,636,606,78,85,1,-1,-1,-1
93,4,5,721,95,109,1,-1,-1,-1
94,1,676,392,51,54,1,-1,-1,-1
94,2,631,617,71,77,1,-1,-1,-1
94,4,4,725,93,104,1,-1,-1,-1
95,1,676,393,51,54,1,-1,-1,-1
95,2,629,614,76,83,1,-1,-1,-1
95,4,2,725,88,101,1,-1,-1,-1
96,1,679,393,48,53,1,-1,-1,-1
96,2,624,610,75,86,1,-1,-1,-1
96,4,2,725,86,103,1,-1,-1,-1
97,1,677,394,50,53,1,-1,-1,-1
97,2,624,606,76,90,1,-1,-1,-1
97,4,2,725,85,103,1,-1,-1,-1
98,1,676,394,52,53,1,-1,-1,-1
98,2,615,598,77,103,1,-1,-1,-1
98,4,1,727,89,104,1,-1,-1,-1
99,1,677,394,51,53,1,-1,-1,-1
99,2,615,598,76,102,1,-1,-1,-1
99,4,1,727,88,104,1,-1,-1,-1
100,1,678,395,49,51,1,-1,-1,-1
100,2,604,611,80,98,1,-1,-1,-1
100,4,0,727,80,98,1,-1,-1,-1
101,1,675,393,52,55,1,-1,-1,-1
101,2,591,614,78,93,1,-1,-1,-1
101,4,0,726,78,100,1,-1,-1,-1
102,1,675,394,53,56,1,-1,-1,-1
102,2,585,614,80,94,1,-1,-1,-1
102,4,0,728,79,100,1,-1,-1,-1
103,1,679,394,51,54,1,-1,-1,-1
103,2,574,613,82,98,1,-1,-1,-1
103,4,0,732,75,92,1,-1,-1,-1
104,1,678,394,52,54,1,-1,-1,-1
104,2,571,622,78,90,1,-1,-1,-1
104,4,0,734,71,84,1,-1,-1,-1
105,1,679,393,51,54,1,-1,-1,-1
105,2,561,625,81,89,1,-1,-1,-1
105,4,0,731,72,88,1,-1,-1,-1
106,1,679,393,52,56,1,-1,-1,-1
106,2,557,620,80,93,1,-1,-1,-1
106,4,0,732,71,93,1,-1,-1,-1
107,1,677,392,54,63,1,-1,-1,-1
107,2,553,617,79,97,1,-1,-1,-1
107,4,0,730,67,90,1,-1,-1,-1
108,1,681,392,51,54,1,-1,-1,-1
108,2,549,619,76,102,1,-1,-1,-1
108,4,0,729,69,98,1,-1,-1,-1
109,1,680,391,53,55,1,-1,-1,-1
109,2,546,619,78,106,1,-1,-1,-1
109,4,0,730,67,96,1,-1,-1,-1
110,1,677,393,55,61,1,-1,-1,-1
110,2,540,621,79,103,1,-1,-1,-1
110,4,0,732,66,91,1,-1,-1,-1
111,1,679,391,55,59,1,-1,-1,-1
111,2,532,613,81,110,1,-1,-1,-1
111,4,0.0,732.35,66.25,91.75,1,-1,-1,-1
112,1,680,391,53,58,1,-1,-1,-1
112,2,532,612,81,112,1,-1,-1,-1
112,4,0.0,732.7,66.5,92.5,1,-1,-1,-1
113,1,678,392,58,67,1,-1,-1,-1
113,2,529,615,81,109,1,-1,-1,-1
113,4,0.0,733.0500000000001,66.75,93.25,1,-1,-1,-1
114,1,681,391,56,60,1,-1,-1,-1
114,2,527,618,79,108,1,-1,-1,-1
114,4,0.0,733.4000000000001,67.0,94.0,1,-1,-1,-1
115,1,681,391,56,57,1,-1,-1,-1
115,2,525,614,82,113,1,-1,-1,-1
115,4,0.0,733.7500000000001,67.25,94.75,1,-1,-1,-1
116,1,683,391,55,60,1,-1,-1,-1
116,2,523,619,83,111,1,-1,-1,-1
116,4,0.0,734.1000000000001,67.5,95.5,1,-1,-1,-1
117,1,684,391,55,60,1,-1,-1,-1
117,2,524,619,81,110,1,-1,-1,-1
117,4,0.0,734.4500000000002,67.75,96.25,1,-1,-1,-1
118,1,683,391,56,61,1,-1,-1,-1
118,2,523,618,82,110,1,-1,-1,-1
118,4,0.0,734.8000000000002,68.0,97.0,1,-1,-1,-1
119,1,681,392,57,64,1,-1,-1,-1
119,2,525,625,80,105,1,-1,-1,-1
119,4,0.0,735.1500000000002,68.25,97.75,1,-1,-1,-1
120,1,683,392,57,60,1,-1,-1,-1
120,2,529,628,75,99,1,-1,-1,-1
120,4,0.0,735.5000000000002,68.5,98.5,1,-1,-1,-1
121,1,687,392,55,59,1,-1,-1,-1
121,2,530,629,74,96,1,-1,-1,-1
121,4,0.0,735.8500000000003,68.75,99.25,1,-1,-1,-1
122,1,687,392,57,59,1,-1,-1,-1
122,2,533,619,73,103,1,-1,-1,-1
122,4,0.0,736.2000000000003,69.0,100.0,1,-1,-1,-1
123,1,687,391,56,60,1,-1,-1,-1
123,2,532,613,74,109,1,-1,-1,-1
123,4,0.0,736.5500000000003,69.25,100.75,1,-1,-1,-1
124,1,687,391,57,60,1,-1,-1,-1
124,2,533,624,72,98,1,-1,-1,-1
124,4,0.0,736.9000000000003,69.5,101.5,1,-1,-1,-1
125,1,686,391,57,62,1,-1,-1,-1
125,2,533,605,81,114,1,-1,-1,-1
125,4,0.0,737.2500000000003,69.75,102.25,1,-1,-1,-1
126,1,687,392,57,58,1,-1,-1,-1
126,2,539,627,74,94,1,-1,-1,-1
126,4,0.0,737.6000000000004,70.0,103.0,1,-1,-1,-1
127,1,688,392,55,58,1,-1,-1,-1
127,2,540,616,77,102,1,-1,-1,-1
127,4,0.0,737.9500000000004,70.25,103.75,1,-1,-1,-1
128,1,688,391,56,60,1,-1,-1,-1
128,2,543,621,75,103,1,-1,-1,-1
128,4,0.0,738.3000000000004,70.5,104.5,1,-1,-1,-1
129,1,688,392,56,60,1,-1,-1,-1
129,2,543,627,76,94,1,-1,-1,-1
129,4,0.0,738.6500000000004,70.75,105.25,1,-1,-1,-1
130,1,688,392,56,60,1,-1,-1,-1
130,2,547,624,75,97,1,-1,-1,-1
130,4,0,739,71,106,1,-1,-1,-1
131,1,690,392,54,57,1,-1,-1,-1
131,2,549,626,75,92,1,-1,-1,-1
131,4,0,732,64,110,1,-1,-1,-1
132,1,687,391,58,60,1,-1,-1,-1
132,2,552,629,74,94,1,-1,-1,-1
132,4,0,731,63,101,1,-1,-1,-1
133,1,687,392,57,59,1,-1,-1,-1
133,2,552,629,75,93,1,-1,-1,-1
133,4,0,732,63,101,1,-1,-1,-1
134,1,686,393,56,56,1,-1,-1,-1
134,2,553,627,74,92,1,-1,-1,-1
134,4,0,733,61,97,1,-1,-1,-1
135,1,686,390,57,55,1,-1,-1,-1
135,2,552,629,77,93,1,-1,-1,-1
135,4,0,735,61,100,1,-1,-1,-1
136,1,687,392,53,55,1,-1,-1,-1
136,2,550,633,75,91,1,-1,-1,-1
136,4,0,738,62,105,1,-1,-1,-1
137,1,686,391,52,53,1,-1,-1,-1
137,2,545,627,80,101,1,-1,-1,-1
137,4,0,739,63,106,1,-1,-1,-1
138,1,683,390,53,53,1,-1,-1,-1
138,2,542,630,77,96,1,-1,-1,-1
138,4,0,740,68,109,1,-1,-1,-1
139,1,679,390,52,50,1,-1,-1,-1
139,2,533,628,78,101,1,-1,-1,-1
139,4,0,739,68,112,1,-1,-1,-1
140,1,673,391,56,54,1,-1,-1,-1
140,2,525,639,80,94,1,-1,-1,-1
140,4,0,741,66,106,1,-1,-1,-1
141,1,673.0,390.0,52.0,52.0,1,-1,-1,-1
141,2,517.0,627.0,80.0,106.0,1,-1,-1,-1
141,4,0.0,740.8,65.3,104.80000000000007,1,-1,-1,-1
142,1,667.0,388.0,53.0,55.0,1,-1,-1,-1
142,2,504.0,644.0,78.0,91.0,1,-1,-1,-1
142,4,0.0,740.5999999999999,64.6,103.60000000000014,1,-1,-1,-1
143,1,664.0,387.0,53.0,54.0,1,-1,-1,-1
143,2,494.0,649.0,78.0,95.0,1,-1,-1,-1
143,4,0.0,740.3999999999999,63.89999999999999,102.4000000000002,1,-1,-1,-1
144,1,664.0,387.0,53.0,54.0,1,-1,-1,-1
144,2,493.0,649.0,78.0,93.0,1,-1,-1,-1
144,4,0.0,740.1999999999998,63.19999999999999,101.20000000000027,1,-1,-1,-1
145,1,659.0,386.0,52.0,55.0,1,-1,-1,-1
145,2,482.0,639.0,84.0,103.0,1,-1,-1,-1
145,4,0.0,739.9999999999998,62.499999999999986,100.00000000000034,1,-1,-1,-1
146,1,652,386,55,58,1,-1,-1,-1
146,2,472,629,87,122,1,-1,-1,-1
146,4,0.0,739.7999999999997,61.79999999999998,98.80000000000041,1,-1,-1,-1
147,1,649,386,54,59,1,-1,-1,-1
147,2,462,663,83,97,1,-1,-1,-1
147,4,0.0,739.5999999999997,61.09999999999998,97.60000000000048,1,-1,-1,-1
148,1,648,385,50,57,1,-1,-1,-1
148,2,455,666,81,97,1,-1,-1,-1
148,4,0.0,739.3999999999996,60.39999999999998,96.40000000000055,1,-1,-1,-1
149,1,640,383,52,57,1,-1,-1,-1
149,2,438,663,83,111,1,-1,-1,-1
149,4,0.0,739.1999999999996,59.699999999999974,95.20000000000061,1,-1,-1,-1
150,1,641,384,45,51,1,-1,-1,-1
150,2,430,657,86,121,1,-1,-1,-1
150,4,0,739,59,94,1,-1,-1,-1
151,1,637,383,48,53,1,-1,-1,-1
151,2,424,664,84,116,1,-1,-1,-1
151,4,0,738,60,97,1,-1,-1,-1
152,1,632,383,51,53,1,-1,-1,-1
152,2,417,654,86,123,1,-1,-1,-1
152,4,0,738,63,100,1,-1,-1,-1
153,1,632,382,51,55,1,-1,-1,-1
153,2,417,654,85,123,1,-1,-1,-1
153,4,1,738,61,100,1,-1,-1,-1
154,1,629,382,49,55,1,-1,-1,-1
154,2,414,656,84,122,1,-1,-1,-1
154,4,1.2321428571428572,737.8095238095239,61.089285714285715,99.91666666666663,1,-1,-1,-1
155,1,627,381,46,55,1,-1,-1,-1
155,2,407,655,83,126,1,-1,-1,-1
155,4,1.4642857142857144,737.6190476190477,61.17857142857142,99.83333333333326,1,-1,-1,-1
156,1,626,381,46,53,1,-1,-1,-1
156,2,405,662,82,120,1,-1,-1,-1
156,4,1.444847722286747,737.7221576977676,61.26785714285714,99.74999999999989,1,-1,-1,-1
157,1,620,379,50,57,1,-1,-1,-1
157,2,405,670,80,110,1,-1,-1,-1
157,4,1.4254097302877797,737.8252677764874,61.35714285714285,99.66666666666652,1,-1,-1,-1
158,1,622,380,46,54,1,-1,-1,-1
158,2,403,666,82,118,1,-1,-1,-1
158,4,1.4059717382888124,737.9283778552073,61.44642857142856,99.58333333333314,1,-1,-1,-1
159,1,619,380,48,55,1,-1,-1,-1
159,2,402,663,83,121,1,-1,-1,-1
159,4,1.386533746289845,738.0314879339271,61.53571428571428,99.49999999999977,1,-1,-1,-1
160,1,618,379,48,56,1,-1,-1,-1
160,2,401,666,84,120,1,-1,-1,-1
160,4,1.3670957542908777,738.134598012647,61.624999999999986,99.4166666666664,1,-1,-1,-1
161,1,618,378,48,56,1,-1,-1,-1
161,2,401,665,84,121,1,-1,-1,-1
161,4,1.3476577622919104,738.2377080913668,61.7142857142857,99.33333333333303,1,-1,-1,-1
162,1,613,377,48,55,1,-1,-1,-1
162,2,402,661,83,128,1,-1,-1,-1
162,4,1.328219770292943,738.3408181700867,61.803571428571416,99.24999999999966,1,-1,-1,-1
163,1,613,379,46,50,1,-1,-1,-1
163,2,404,664,82,123,1,-1,-1,-1
163,4,1.3087817782939757,738.4439282488065,61.892857142857125,99.16666666666629,1,-1,-1,-1
164,1,609,377,47,54,1,-1,-1,-1
164,2,406,665,81,121,1,-1,-1,-1
164,4,1.2893437862950083,738.5470383275264,61.98214285714284,99.08333333333292,1,-1,-1,-1
165,1,607,379,47,54,1,-1,-1,-1
165,2,407,669,81,114,1,-1,-1,-1
165,4,1.269905794296041,738.6501484062462,62.07142857142855,98.99999999999955,1,-1,-1,-1
166,1,608,380,44,52,1,-1,-1,-1
166,2,411,662,80,120,1,-1,-1,-1
166,4,1.2504678022970737,738.7532584849661,62.16071428571426,98.91666666666617,1,-1,-1,-1
167,1,609,380,42,51,1,-1,-1,-1
167,2,415,668,80,114,1,-1,-1,-1
167,4,1.2310298102981063,738.8563685636859,62.24999999999998,98.8333333333328,1,-1,-1,-1
168,1,607,381,42,51,1,-1,-1,-1
168,2,419,671,83,116,1,-1,-1,-1
168,4,1.211591818299139,738.9594786424058,62.33928571428569,98.74999999999943,1,-1,-1,-1
169,1,603.0,379.0,44.0,52.0,1,-1,-1,-1
169,2,423.0,668.0,88.0,120.0,1,-1,-1,-1
169,5,47.16666666666667,706.2777777777778,-47.16666666666667,-99.27777777777783,1,-1,-1,-1
169,4,1.1921538263001716,739.0625887211256,62.4285714285714,98.66666666666606,1,-1,-1,-1
170,1,603.5,379.25,43.75,52.0,1,-1,-1,-1
170,2,423,668,88,120,1,-1,-1,-1
170,4,1.1727158343012043,739.1656987998455,62.51785714285711,98.58333333333269,1,-1,-1,-1
170,5,1.1,606.8555555555556,49.955555555555556,97.75555555555559,1,-1,-1,-1
171,1,604.0,379.5,43.5,52.0,1,-1,-1,-1
171,2,427,666,87,120,1,-1,-1,-1
171,4,1.153277842302237,739.2688088785653,62.607142857142826,98.49999999999932,1,-1,-1,-1
171,5,2.2,606.7111111111112,52.74444444444444,96.23333333333335,1,-1,-1,-1
172,1,604.5,379.75,43.25,52.0,1,-1,-1,-1
172,2,441,668,89,107,1,-1,-1,-1
172,4,1.1338398503032696,739.3719189572852,62.69642857142854,98.41666666666595,1,-1,-1,-1
172,5,3.3000000000000003,606.5666666666668,55.53333333333333,94.71111111111111,1,-1,-1,-1
173,1,605,380,43,52,1,-1,-1,-1
173,2,441,668,90,108,1,-1,-1,-1
173,4,1.1144018583043023,739.475029036005,62.78571428571425,98.33333333333258,1,-1,-1,-1
173,5,4.4,606.4222222222224,58.322222222222216,93.18888888888887,1,-1,-1,-1
174,5,5.5,606.2777777777778,61.111111111111114,91.66666666666663,1,-1,-1,-1
174,1,605.0,380.0,43.0,52.0,1,-1,-1,-1
174,2,441.0,667.0,91.0,110.0,1,-1,-1,-1
174,4,1.094963866305335,739.5781391147249,62.874999999999964,98.2499999999992,1,-1,-1,-1
175,1,604,378,45,53,1,-1,-1,-1
175,2,457,661,95,119,1,-1,-1,-1
175,4,1.0755258743063676,739.6812491934447,62.96428571428568,98.16666666666583,1,-1,-1,-1
175,5,7.2259740259740255,606.0784271284272,61.209523809523816,91.57142857142856,1,-1,-1,-1
176,1,604,378,45,53,1,-1,-1,-1
176,2,470,656,92,107,1,-1,-1,-1
176,4,1.0560878823074002,739.7843592721646,63.05357142857138,98.08333333333246,1,-1,-1,-1
176,5,8.951948051948051,605.8790764790765,61.30793650793652,91.47619047619048,1,-1,-1,-1
177,1,603,378,47,54,1,-1,-1,-1
177,2,481,652,88,105,1,-1,-1,-1
177,4,1.036649890308433,739.8874693508844,63.14285714285709,97.99999999999909,1,-1,-1,-1
177,5,10.677922077922076,605.6797258297258,61.40634920634922,91.38095238095241,1,-1,-1,-1
178,1,604,379,46,53,1,-1,-1,-1
178,2,490,642,83,95,1,-1,-1,-1
178,4,1.0172118983094656,739.9905794296043,63.23214285714279,97.91666666666572,1,-1,-1,-1
178,5,12.403896103896102,605.4803751803752,61.50476190476192,91.28571428571433,1,-1,-1,-1
179,1,605,378,46,54,1,-1,-1,-1
179,2,494,637,87,118,1,-1,-1,-1
179,4,0.9977739063104982,740.0936895083241,63.3214285714285,97.83333333333235,1,-1,-1,-1
179,5,14.129870129870127,605.2810245310245,61.60317460317462,91.19047619047626,1,-1,-1,-1
180,1,603,377,49,55,1,-1,-1,-1
180,2,501,630,83,106,1,-1,-1,-1
180,4,0.9783359143115309,740.196799587044,63.41071428571421,97.74999999999898,1,-1,-1,-1
180,5,15.855844155844153,605.0816738816739,61.701587301587324,91.09523809523819,1,-1,-1,-1
181,1,603,376,47,54,1,-1,-1,-1
181,2,512,633,90,106,1,-1,-1,-1
181,4,0.9588979223125635,740.2999096657638,63.49999999999991,97.6666666666656,1,-1,-1,-1
181,5,17.58181818181818,604.8823232323232,61.800000000000026,91.00000000000011,1,-1,-1,-1
182,1,604,379,49,55,1,-1,-1,-1
182,2,517,627,83,103,1,-1,-1,-1
182,4,0.9394599303135962,740.4030197444837,63.589285714285616,97.58333333333223,1,-1,-1,-1
182,5,19.307792207792204,604.6829725829725,61.89841269841273,90.90476190476204,1,-1,-1,-1
183,1,604,379,49,55,1,-1,-1,-1
183,2,517,627,83,103,1,-1,-1,-1
183,4,0.9200219383146289,740.5061298232035,63.678571428571324,97.49999999999886,1,-1,-1,-1
183,5,21.03376623376623,604.4836219336219,61.99682539682543,90.80952380952397,1,-1,-1,-1
184,1,605,379,48,56,1,-1,-1,-1
184,2,536,627,85,98,1,-1,-1,-1
184,4,0.9005839463156615,740.6092399019234,63.767857142857025,97.41666666666549,1,-1,-1,-1
184,5,22.759740259740255,604.2842712842712,62.09523809523813,90.7142857142859,1,-1,-1,-1
185,1,606,378,47,56,1,-1,-1,-1
185,2,545,624,82,99,1,-1,-1,-1
185,4,0.8811459543166942,740.7123499806432,63.85714285714273,97.33333333333212,1,-1,-1,-1
185,5,24.48571428571428,604.0849206349205,62.19365079365083,90.61904761904782,1,-1,-1,-1
186,1,608,378,46,55,1,-1,-1,-1
186,2,549,621,88,99,1,-1,-1,-1
186,4,0.8617079623177268,740.8154600593631,63.94642857142844,97.24999999999875,1,-1,-1,-1
186,5,26.211688311688306,603.8855699855699,62.292063492063534,90.52380952380975,1,-1,-1,-1
187,1,609,376,46,54,1,-1,-1,-1
187,2,554,611,89,107,1,-1,-1,-1
187,4,0.8422699703187595,740.9185701380829,64.03571428571415,97.16666666666538,1,-1,-1,-1
187,5,27.93766233766233,603.6862193362192,62.390476190476235,90.42857142857167,1,-1,-1,-1
188,1,606,378,49,58,1,-1,-1,-1
188,2,558,617,86,98,1,-1,-1,-1
188,4,0.8228319783197922,741.0216802168028,64.12499999999984,97.083333333332,1,-1,-1,-1
188,5,29.663636363636357,603.4868686868685,62.48888888888894,90.3333333333336,1,-1,-1,-1
189,1,608,380,47,57,1,-1,-1,-1
189,2,559,611,86,102,1,-1,-1,-1
189,4,0.8033939863208248,741.1247902955226,64.21428571428555,96.99999999999864,1,-1,-1,-1
189,5,31.389610389610382,603.2875180375179,62.58730158730164,90.23809523809553,1,-1,-1,-1
190,1,606,379,48,55,1,-1,-1,-1
190,2,567,613,84,100,1,-1,-1,-1
190,4,0.7839559943218575,741.2279003742425,64.30357142857126,96.91666666666526,1,-1,-1,-1
190,5,33.11558441558441,603.0881673881672,62.68571428571434,90.14285714285745,1,-1,-1,-1
191,1,607,383,44,53,1,-1,-1,-1
191,2,565,602,88,107,1,-1,-1,-1
191,4,0.7645180023228901,741.3310104529623,64.39285714285697,96.8333333333319,1,-1,-1,-1
191,5,34.84155844155843,602.8888167388166,62.78412698412704,90.04761904761938,1,-1,-1,-1
192,1,606,380,46,53,1,-1,-1,-1
192,2,574,602,88,106,1,-1,-1,-1
192,4,0.7450800103239228,741.4341205316822,64.48214285714268,96.74999999999852,1,-1,-1,-1
192,5,36.56753246753246,602.6894660894659,62.88253968253974,89.9523809523813,1,-1,-1,-1
193,1,606,381,46,53,1,-1,-1,-1
193,2,577,607,86,99,1,-1,-1,-1
193,4,0.7256420183249555,741.537230610402,64.57142857142837,96.66666666666515,1,-1,-1,-1
193,5,38.293506493506484,602.4901154401152,62.980952380952445,89.85714285714323,1,-1,-1,-1
194,1,603,383,51,56,1,-1,-1,-1
194,2,585,607,87,96,1,-1,-1,-1
194,4,0.7062040263259881,741.6403406891219,64.66071428571408,96.58333333333178,1,-1,-1,-1
194,5,40.01948051948051,602.2907647907646,63.07936507936515,89.76190476190516,1,-1,-1,-1
195,1,602,379,52,60,1,-1,-1,-1
195,2,588,601,86,103,1,-1,-1,-1
195,4,0.6867660343270208,741.7434507678418,64.74999999999979,96.49999999999841,1,-1,-1,-1
195,5,41.745454545454535,602.0914141414139,63.17777777777785,89.66666666666708,1,-1,-1,-1
196,1,602.0,380.0,52.0,60.0,1,-1,-1,-1
196,2,588.0,602.0,87.0,103.0,1,-1,-1,-1
196,4,0.6673280423280534,741.8465608465616,64.8392857142855,96.41666666666504,1,-1,-1,-1
196,5,43.47142857142857,601.892063492064,63.276190476190514,89.57142857142901,1,-1,-1,-1
197,1,604,381,50,56,1,-1,-1,-1
197,2,592,601,86,102,1,-1,-1,-1
197,4,0.6478900503290861,741.9496709252815,64.9285714285712,96.33333333333167,1,-1,-1,-1
197,5,42.32098214285714,602.1188492063498,63.374603174603216,89.47619047619094,1,-1,-1,-1
198,1,607,384,47,52,1,-1,-1,-1
198,2,593,599,82,99,1,-1,-1,-1
198,4,0.6284520583301187,742.0527810040013,65.01785714285691,96.2499999999983,1,-1,-1,-1
198,5,41.17053571428571,602.3456349206355,63.47301587301592,89.38095238095286,1,-1,-1,-1
199,1,607,384,47,52,1,-1,-1,-1
199,2,593,600,82,98,1,-1,-1,-1
199,4,0.6090140663311514,742.1558910827212,65.1071428571426,96.16666666666492,1,-1,-1,-1
199,5,40.020089285714285,602.5724206349212,63.57142857142862,89.28571428571479,1,-1,-1,-1
200,1,607,384,48,54,1,-1,-1,-1
200,2,593,599,85,99,1,-1,-1,-1
200,4,0.5895760743321841,742.259001161441,65.19642857142831,96.08333333333155,1,-1,-1,-1
200,5,38.86964285714286,602.7992063492069,63.66984126984132,89.19047619047672,1,-1,-1,-1
201,1,605,384,50,56,1,-1,-1,-1
201,2,593,595,87,108,1,-1,-1,-1
201,4,0.5701380823332167,742.3621112401609,65.28571428571402,95.99999999999818,1,-1,-1,-1
201,5,37.71919642857143,603.0259920634926,63.76825396825402,89.09523809523864,1,-1,-1,-1
202,1,603,384,52,58,1,-1,-1,-1
202,2,591,599,85,100,1,-1,-1,-1
202,4,0.5507000903342494,742.4652213188807,65.37499999999973,95.91666666666481,1,-1,-1,-1
202,5,36.56875,603.2527777777783,63.866666666666724,89.00000000000057,1,-1,-1,-1
203,1,606,385,49,57,1,-1,-1,-1
203,2,589,598,87,104,1,-1,-1,-1
203,4,0.531262098335282,742.5683313976006,65.46428571428544,95.83333333333144,1,-1,-1,-1
203,5,35.418303571428574,603.479563492064,63.965079365079426,88.9047619047625,1,-1,-1,-1
204,1,605,385,50,57,1,-1,-1,-1
204,2,590,599,85,105,1,-1,-1,-1
204,4,0.5118241063363147,742.6714414763204,65.55357142857113,95.74999999999807,1,-1,-1,-1
204,5,34.267857142857146,603.7063492063497,64.06349206349213,88.80952380952442,1,-1,-1,-1
205,1,604,385,51,57,1,-1,-1,-1
205,2,591,599,84,106,1,-1,-1,-1
205,4,0.49238611433734736,742.7745515550403,65.64285714285684,95.6666666666647,1,-1,-1,-1
205,5,33.11741071428572,603.9331349206354,64.16190476190482,88.71428571428635,1,-1,-1,-1
206,1,605,385,50,57,1,-1,-1,-1
206,2,591,600,85,104,1,-1,-1,-1
206,4,0.47294812233838,742.8776616337601,65.73214285714255,95.58333333333132,1,-1,-1,-1
206,5,31.96696428571429,604.1599206349211,64.26031746031754,88.61904761904827,1,-1,-1,-1
207,1,605,385,51,57,1,-1,-1,-1
207,2,590,598,85,103,1,-1,-1,-1
207,4,0.4535101303394127,742.98077171248,65.82142857142826,95.49999999999795,1,-1,-1,-1
207,5,30.816517857142863,604.3867063492069,64.35873015873022,88.5238095238102,1,-1,-1,-1
208,1,606,385,50,55,1,-1,-1,-1
208,2,589,601,82,101,1,-1,-1,-1
208,4,0.43407213834044533,743.0838817911998,65.91071428571396,95.41666666666458,1,-1,-1,-1
208,5,29.666071428571435,604.6134920634926,64.45714285714294,88.42857142857213,1,-1,-1,-1
209,1,608,387,47,51,1,-1,-1,-1
209,2,586,605,85,99,1,-1,-1,-1
209,4,0.414634146341478,743.1869918699197,65.99999999999966,95.33333333333121,1,-1,-1,-1
209,5,28.515625000000007,604.8402777777783,64.55555555555563,88.33333333333405,1,-1,-1,-1
210,1,607,386,48,53,1,-1,-1,-1
210,2,587,604,83,101,1,-1,-1,-1
210,4,0.39519615434251065,743.2901019486395,66.08928571428537,95.24999999999784,1,-1,-1,-1
210,5,27.36517857142858,605.067063492064,64.65396825396834,88.23809523809598,1,-1,-1,-1
211,1,606,387,51,54,1,-1,-1,-1
211,2,586,600,84,104,1,-1,-1,-1
211,4,0.3757581623435433,743.3932120273594,66.17857142857108,95.16666666666447,1,-1,-1,-1
211,5,26.21473214285715,605.2938492063497,64.75238095238103,88.1428571428579,1,-1,-1,-1
212,1,607,385,53,56,1,-1,-1,-1
212,2,586,601,83,104,1,-1,-1,-1
212,4,0.35632017034457597,743.4963221060792,66.26785714285678,95.0833333333311,1,-1,-1,-1
212,5,25.064285714285724,605.5206349206354,64.85079365079375,88.04761904761983,1,-1,-1,-1
213,1,609,384,51,53,1,-1,-1,-1
213,2,582,614,82,97,1,-1,-1,-1
213,4,0.33688217834560863,743.5994321847991,66.35714285714249,94.99999999999773,1,-1,-1,-1
213,5,23.913839285714296,605.7474206349211,64.94920634920643,87.95238095238176,1,-1,-1,-1
214,1,610,383,50,52,1,-1,-1,-1
214,2,577,617,86,95,1,-1,-1,-1
214,4,0.3174441863466413,743.7025422635189,66.44642857142819,94.91666666666436,1,-1,-1,-1
214,5,22.76339285714287,605.9742063492068,65.04761904761915,87.85714285714369,1,-1,-1,-1
215,1,608,383,52,57,1,-1,-1,-1
215,2,573,617,85,96,1,-1,-1,-1
215,4,0.29800619434767395,743.8056523422388,66.5357142857139,94.83333333333098,1,-1,-1,-1
215,5,21.61294642857144,606.2009920634925,65.14603174603184,87.76190476190561,1,-1,-1,-1
216,1,608,381,52,57,1,-1,-1,-1
216,2,570,629,80,85,1,-1,-1,-1
216,4,0.2785682023487066,743.9087624209586,66.6249999999996,94.74999999999761,1,-1,-1,-1
216,5,20.462500000000013,606.4277777777783,65.24444444444455,87.66666666666754,1,-1,-1,-1
217,1,612,381,48,51,1,-1,-1,-1
217,2,556,631,84,84,1,-1,-1,-1
217,4,0.25913021034973927,744.0118724996785,66.71428571428531,94.66666666666424,1,-1,-1,-1
217,5,19.312053571428585,606.654563492064,65.34285714285724,87.57142857142946,1,-1,-1,-1
218,1,613,381,47,50,1,-1,-1,-1
218,2,556,631,84,84,1,-1,-1,-1
218,4,0.23969221835077195,744.1149825783983,66.80357142857102,94.58333333333087,1,-1,-1,-1
218,5,18.161607142857157,606.8813492063497,65.44126984126996,87.47619047619139,1,-1,-1,-1
219,1,613,381,47,49,1,-1,-1,-1
219,2,551,629,81,88,1,-1,-1,-1
219,4,0.22025422635180464,744.2180926571182,66.89285714285673,94.4999999999975,1,-1,-1,-1
219,5,17.01116071428573,607.1081349206354,65.53968253968264,87.38095238095332,1,-1,-1,-1
220,1,614,381,46,50,1,-1,-1,-1
220,2,545,632,80,85,1,-1,-1,-1
220,4,0.20081623435283733,744.321202735838,66.98214285714242,94.41666666666413,1,-1,-1,-1
220,5,15.860714285714302,607.3349206349211,65.63809523809536,87.28571428571524,1,-1,-1,-1
221,1,614,379,46,54,1,-1,-1,-1
221,2,541,628,83,90,1,-1,-1,-1
221,4,0.18137824235387,744.4243128145579,67.07142857142813,94.33333333333076,1,-1,-1,-1
221,5,14.710267857142874,607.5617063492068,65.73650793650805,87.19047619047717,1,-1,-1,-1
222,1,614,379,46,54,1,-1,-1,-1
222,2,541,628,82,91,1,-1,-1,-1
222,4,0.1619402503549027,744.5274228932777,67.16071428571384,94.24999999999739,1,-1,-1,-1
222,5,13.559821428571446,607.7884920634925,65.83492063492076,87.0952380952391,1,-1,-1,-1
223,1,612,378,49,54,1,-1,-1,-1
223,2,532,618,81,107,1,-1,-1,-1
223,4,0.14250225835593539,744.6305329719976,67.24999999999955,94.16666666666401,1,-1,-1,-1
223,5,12.409375000000018,608.0152777777782,65.93333333333345,87.00000000000102,1,-1,-1,-1
224,1,612,378,49,54,1,-1,-1,-1
224,2,533,617,80,107,1,-1,-1,-1
224,4,0.12306426635696807,744.7336430507174,67.33928571428525,94.08333333333064,1,-1,-1,-1
224,5,11.25892857142859,608.242063492064,66.03174603174617,86.90476190476295,1,-1,-1,-1
225,1,613,378,49,55,1,-1,-1,-1
225,2,514,634,83,99,1,-1,-1,-1
225,4,0.10362627435800076,744.8367531294373,67.42857142857095,93.99999999999727,1,-1,-1,-1
225,5,10.108482142857163,608.4688492063497,66.13015873015885,86.80952380952488,1,-1,-1,-1
226,1,613,377,50,56,1,-1,-1,-1
226,2,491,649,81,93,1,-1,-1,-1
226,4,0.08418828235903345,744.9398632081571,67.51785714285666,93.9166666666639,1,-1,-1,-1
226,5,8.958035714285735,608.6956349206354,66.22857142857157,86.7142857142868,1,-1,-1,-1
227,1,615,377,49,52,1,-1,-1,-1
227,2,480,628,84,115,1,-1,-1,-1
227,4,0.06475029036006613,745.042973286877,67.60714285714236,93.83333333333053,1,-1,-1,-1
227,5,7.8075892857143065,608.9224206349211,66.32698412698427,86.61904761904873,1,-1,-1,-1
228,1,614,378,48,54,1,-1,-1,-1
228,2,482,630,82,113,1,-1,-1,-1
228,4,0.04531229836109882,745.1460833655968,67.69642857142807,93.74999999999716,1,-1,-1,-1
228,5,6.657142857142853,609.1492063492076,66.42539682539704,86.52380952381066,1,-1,-1,-1
229,1,612,378,50,55,1,-1,-1,-1
229,2,456,657,83,103,1,-1,-1,-1
229,4,0.025874306362131505,745.2491934443167,67.78571428571378,93.66666666666379,1,-1,-1,-1
229,5,6.678571428571424,609.2023809523822,66.52380952380975,86.42857142857258,1,-1,-1,-1
230,1,613,379,48,54,1,-1,-1,-1
230,2,443,658,84,109,1,-1,-1,-1
230,4,0.006436314363164192,745.3523035230365,67.87499999999947,93.58333333333042,1,-1,-1,-1
230,5,6.699999999999996,609.2555555555568,66.62222222222246,86.33333333333451,1,-1,-1,-1
231,1,613,378,47,55,1,-1,-1,-1
231,2,432,660,83,113,1,-1,-1,-1
231,4,-0.013001677635803122,745.4554136017564,67.96428571428518,93.49999999999704,1,-1,-1,-1
231,5,6.721428571428567,609.3087301587315,66.72063492063516,86.23809523809643,1,-1,-1,-1
232,1,612,379,48,56,1,-1,-1,-1
232,2,432,661,84,110,1,-1,-1,-1
232,4,-0.032439669634770435,745.5585236804762,68.05357142857089,93.41666666666367,1,-1,-1,-1
232,5,6.742857142857138,609.3619047619061,66.81904761904786,86.14285714285836,1,-1,-1,-1
233,1,612,377,47,55,1,-1,-1,-1
233,2,422,662,85,115,1,-1,-1,-1
233,4,-0.05187766163373775,745.6616337591961,68.1428571428566,93.3333333333303,1,-1,-1,-1
233,5,6.76428571428571,609.4150793650807,66.91746031746057,86.04761904762029,1,-1,-1,-1
234,1,613,377,46,51,1,-1,-1,-1
234,2,406,659,84,126,1,-1,-1,-1
234,4,-0.07131565363270506,745.764743837916,68.2321428571423,93.24999999999693,1,-1,-1,-1
234,5,6.785714285714281,609.4682539682553,67.01587301587327,85.95238095238221,1,-1,-1,-1
235,1,610,378,47,55,1,-1,-1,-1
235,2,398,664,87,126,1,-1,-1,-1
235,4,-0.09075364563167237,745.8678539166358,68.32142857142802,93.16666666666356,1,-1,-1,-1
235,5,6.8071428571428525,609.52142857143,67.11428571428597,85.85714285714414,1,-1,-1,-1
236,1,610,379,48,53,1,-1,-1,-1
236,2,388,664,94,134,1,-1,-1,-1
236,4,-0.11019163763063969,745.9709639953556,68.41071428571371,93.08333333333019,1,-1,-1,-1
236,5,6.828571428571424,609.5746031746046,67.21269841269867,85.76190476190607,1,-1,-1,-1
237,1,610,379,48,53,1,-1,-1,-1
237,2,388,660,94,137,1,-1,-1,-1
237,4,-0.129629629629607,746.0740740740755,68.49999999999942,92.99999999999682,1,-1,-1,-1
237,5,6.849999999999995,609.6277777777792,67.31111111111137,85.666666666668,1,-1,-1,-1
238,1,610,380,48,55,1,-1,-1,-1
238,2,380,671,87,123,1,-1,-1,-1
238,4,-0.14906762162857431,746.1771841527953,68.58928571428513,92.91666666666345,1,-1,-1,-1
238,5,6.871428571428567,609.6809523809538,67.40952380952407,85.57142857142992,1,-1,-1,-1
239,1,608,381,47,54,1,-1,-1,-1
239,2,370,674,87,128,1,-1,-1,-1
239,4,-0.16850561362754163,746.2802942315152,68.67857142857083,92.83333333333007,1,-1,-1,-1
239,5,6.892857142857138,609.7341269841285,67.50793650793678,85.47619047619185,1,-1,-1,-1
240,1,610,382,43,50,1,-1,-1,-1
240,2,360,673,90,135,1,-1,-1,-1
240,4,-0.18794360562650894,746.383404310235,68.76785714285654,92.7499999999967,1,-1,-1,-1
240,5,6.914285714285709,609.7873015873031,67.60634920634948,85.38095238095377,1,-1,-1,-1
241,1,610,383,43,50,1,-1,-1,-1
241,2,355,674,88,135,1,-1,-1,-1
241,4,-0.20738159762547625,746.4865143889549,68.85714285714224,92.66666666666333,1,-1,-1,-1
241,5,6.935714285714281,609.8404761904777,67.70476190476218,85.2857142857157,1,-1,-1,-1
242,1,607,383,46,53,1,-1,-1,-1
242,2,351,680,89,129,1,-1,-1,-1
242,4,-0.22681958962444357,746.5896244676748,68.94642857142794,92.58333333332996,1,-1,-1,-1
242,5,6.957142857142852,609.8936507936523,67.80317460317488,85.19047619047763,1,-1,-1,-1
243,1,606,384,45,52,1,-1,-1,-1
243,2,348,688,88,123,1,-1,-1,-1
243,4,-0.24625758162341088,746.6927345463946,69.03571428571365,92.49999999999659,1,-1,-1,-1
243,5,6.978571428571423,609.946825396827,67.90158730158758,85.09523809523955,1,-1,-1,-1
244,5,7,610,68,85,1,-1,-1,-1
244,1,606,385,46,52,1,-1,-1,-1
244,2,345,680,89,128,1,-1,-1,-1
244,4,-0.26569557362237817,746.7958446251145,69.12499999999936,92.41666666666322,1,-1,-1,-1
245,5,5,608,69,84,1,-1,-1,-1
245,1,607,386,44,51,1,-1,-1,-1
245,2,343,679,90,128,1,-1,-1,-1
245,4,-0.2851335656213455,746.8989547038343,69.21428571428507,92.33333333332985,1,-1,-1,-1
246,5,2,609,64,82,1,-1,-1,-1
246,1,609,386,42,51,1,-1,-1,-1
246,2,341,678,90,131,1,-1,-1,-1
246,4,-0.30457155762031285,747.0020647825542,69.30357142857076,92.24999999999648,1,-1,-1,-1
247,5,0,608,65,86,1,-1,-1,-1
247,1,610,386,41,49,1,-1,-1,-1
247,2,342,679,88,129,1,-1,-1,-1
247,4,-0.3240095496192802,747.105174861274,69.39285714285647,92.1666666666631,1,-1,-1,-1
248,5,0,608,65,86,1,-1,-1,-1
248,1,610,386,41,49,1,-1,-1,-1
248,2,342,679,89,128,1,-1,-1,-1
248,4,-0.34344754161824753,747.2082849399939,69.48214285714218,92.08333333332973,1,-1,-1,-1
249,5,0,602,53,92,1,-1,-1,-1
249,1,610,386,40,49,1,-1,-1,-1
249,2,339,679,92,135,1,-1,-1,-1
249,4,-0.3628855336172149,747.3113950187137,69.57142857142789,91.99999999999636,1,-1,-1,-1
250,5,0,601,52,91,1,-1,-1,-1
250,1,609,386,41,50,1,-1,-1,-1
250,2,340,679,90,135,1,-1,-1,-1
250,4,-0.3823235256161822,747.4145050974336,69.6607142857136,91.91666666666299,1,-1,-1,-1
251,5,0,602,54,87,1,-1,-1,-1
251,1,606,386,44,53,1,-1,-1,-1
251,2,340,680,91,134,1,-1,-1,-1
251,4,-0.40176151761514955,747.5176151761534,69.7499999999993,91.83333333332962,1,-1,-1,-1
252,1,609,386,39,46,1,-1,-1,-1
252,2,341,681,92,136,1,-1,-1,-1
252,4,-0.4211995096141169,747.6207252548733,69.839285714285,91.74999999999625,1,-1,-1,-1
253,1,608,386,40,47,1,-1,-1,-1
253,2,343,685,90,135,1,-1,-1,-1
253,4,-0.44063750161308424,747.7238353335931,69.9285714285707,91.66666666666288,1,-1,-1,-1
254,1,607,385,41,48,1,-1,-1,-1
254,2,341,685,91,136,1,-1,-1,-1
254,4,-0.4600754936120516,747.826945412313,70.01785714285641,91.5833333333295,1,-1,-1,-1
255,1,606,384,43,50,1,-1,-1,-1
255,2,343,687,91,131,1,-1,-1,-1
255,4,-0.4795134856110189,747.9300554910328,70.10714285714212,91.49999999999613,1,-1,-1,-1
256,1,606,383,41,48,1,-1,-1,-1
256,2,341,687,91,134,1,-1,-1,-1
256,4,-0.49895147760998626,748.0331655697527,70.19642857142783,91.41666666666276,1,-1,-1,-1
257,1,605,383,43,51,1,-1,-1,-1
257,2,344,682,90,137,1,-1,-1,-1
257,4,-0.5183894696089536,748.1362756484725,70.28571428571352,91.33333333332939,1,-1,-1,-1
258,1,603,384,45,51,1,-1,-1,-1
258,2,344,684,89,135,1,-1,-1,-1
258,4,-0.5378274616079209,748.2393857271924,70.37499999999923,91.24999999999602,1,-1,-1,-1
259,1,600,384,47,52,1,-1,-1,-1
259,2,345,681,90,138,1,-1,-1,-1
259,4,-0.5572654536068883,748.3424958059122,70.46428571428494,91.16666666666265,1,-1,-1,-1
260,1,602,383,46,52,1,-1,-1,-1
260,2,347,686,91,134,1,-1,-1,-1
260,4,-0.5767034456058556,748.4456058846321,70.55357142857065,91.08333333332928,1,-1,-1,-1
261,1,599,383,48,54,1,-1,-1,-1
261,2,348,686,90,131,1,-1,-1,-1
261,4,-0.596141437604823,748.5487159633519,70.64285714285636,90.99999999999591,1,-1,-1,-1
262,1,597,381,51,57,1,-1,-1,-1
262,2,352,684,87,133,1,-1,-1,-1
262,4,-0.6155794296037903,748.6518260420718,70.73214285714205,90.91666666666254,1,-1,-1,-1
263,1,603,379,46,56,1,-1,-1,-1
263,2,355,684,86,134,1,-1,-1,-1
263,4,-0.6350174216027576,748.7549361207916,70.82142857142776,90.83333333332916,1,-1,-1,-1
264,1,603,378,47,56,1,-1,-1,-1
264,2,360,690,86,133,1,-1,-1,-1
264,4,-0.654455413601725,748.8580461995115,70.91071428571347,90.7499999999958,1,-1,-1,-1
265,1,605,378,46,53,1,-1,-1,-1
265,2,365,694,87,127,1,-1,-1,-1
265,4,-0.6738934056006923,748.9611562782313,70.99999999999918,90.66666666666242,1,-1,-1,-1
266,1,604,379,46,54,1,-1,-1,-1
266,2,371,694,94,140,1,-1,-1,-1
266,4,-0.6933313975996597,749.0642663569512,71.08928571428488,90.58333333332905,1,-1,-1,-1
267,1,604,379,47,54,1,-1,-1,-1
267,2,375,692,96,141,1,-1,-1,-1
267,4,-0.712769389598627,749.167376435671,71.17857142857059,90.49999999999568,1,-1,-1,-1
268,1,605,379,47,53,1,-1,-1,-1
268,2,381,688,99,134,1,-1,-1,-1
268,4,-0.7322073815975944,749.2704865143909,71.26785714285629,90.41666666666231,1,-1,-1,-1
269,1,606,378,47,56,1,-1,-1,-1
269,2,386,689,100,113,1,-1,-1,-1
269,4,-0.7516453735965617,749.3735965931107,71.357142857142,90.33333333332894,1,-1,-1,-1
270,1,606,378,48,56,1,-1,-1,-1
270,2,386,687,107,127,1,-1,-1,-1
270,4,-0.771083365595529,749.4767066718306,71.4464285714277,90.24999999999557,1,-1,-1,-1
271,1,606,378,47,55,1,-1,-1,-1
271,2,400,690,106,126,1,-1,-1,-1
271,4,-0.7905213575944964,749.5798167505504,71.53571428571341,90.1666666666622,1,-1,-1,-1
272,1,607,375,46,55,1,-1,-1,-1
272,2,414,678,96,135,1,-1,-1,-1
272,4,-0.8099593495934637,749.6829268292703,71.62499999999912,90.08333333332882,1,-1,-1,-1
273,1,607,375,47,55,1,-1,-1,-1
273,2,413,678,96,133,1,-1,-1,-1
273,4,-0.8293973415924311,749.7860369079901,71.71428571428481,89.99999999999545,1,-1,-1,-1
274,1,607,375,47,55,1,-1,-1,-1
274,2,417,680,94,130,1,-1,-1,-1
274,4,-0.8488353335913984,749.88914698671,71.80357142857052,89.91666666666208,1,-1,-1,-1
275,1,607,375,45,54,1,-1,-1,-1
275,2,429,679,97,130,1,-1,-1,-1
275,4,-0.8682733255903657,749.9922570654298,71.89285714285623,89.83333333332871,1,-1,-1,-1
276,1,606,375,46,55,1,-1,-1,-1
276,2,439,671,99,134,1,-1,-1,-1
276,4,-0.8877113175893331,750.0953671441497,71.98214285714194,89.74999999999534,1,-1,-1,-1
277,1,603,377,49,57,1,-1,-1,-1
277,2,474,662,89,110,1,-1,-1,-1
277,4,-0.9071493095883004,750.1984772228695,72.07142857142765,89.66666666666197,1,-1,-1,-1
278,1,603.0,378.0,49.0,56.0,1,-1,-1,-1
278,2,487.0,651.0,81.0,101.0,1,-1,-1,-1
278,4,-0.926587301587265,750.3015873015928,72.160714285714,89.5833333333286,1,-1,-1,-1
279,1,603,379,48,54,1,-1,-1,-1
279,2,496,649,83,102,1,-1,-1,-1
279,4,-0.7579365079364734,749.615079365085,71.97576530612217,89.86323696144643,1,-1,-1,-1
280,1,600,379,50,58,1,-1,-1,-1
280,2,508,647,83,106,1,-1,-1,-1
280,4,-0.5892857142856818,748.928571428577,71.79081632653033,90.14314058956438,1,-1,-1,-1
281,1,602,381,50,60,1,-1,-1,-1
281,2,517,646,85,103,1,-1,-1,-1
281,4,-0.42063492063489016,748.2420634920691,71.60586734693851,90.42304421768233,1,-1,-1,-1
282,1,602,381,51,59,1,-1,-1,-1
282,2,525,635,90,103,1,-1,-1,-1
282,4,-0.25198412698409856,747.5555555555611,71.42091836734667,90.70294784580028,1,-1,-1,-1
283,1,603,381,48,57,1,-1,-1,-1
283,2,529,632,98,109,1,-1,-1,-1
283,4,-0.08333333333330697,746.8690476190532,71.23596938775484,90.98285147391823,1,-1,-1,-1
284,1,604,382,46,53,1,-1,-1,-1
284,2,539,632,90,104,1,-1,-1,-1
284,4,0.0853174603174846,746.1825396825452,71.05102040816301,91.26275510203618,1,-1,-1,-1
285,1,604,382,45,52,1,-1,-1,-1
285,2,547,635,85,95,1,-1,-1,-1
285,4,0.25396825396827616,745.4960317460373,70.86607142857117,91.54265873015413,1,-1,-1,-1
286,1,604,382,45,52,1,-1,-1,-1
286,2,553,623,89,105,1,-1,-1,-1
286,4,0.42261904761906777,744.8095238095293,70.68112244897935,91.82256235827208,1,-1,-1,-1
287,1,604,382,45,52,1,-1,-1,-1
287,2,554,623,86,106,1,-1,-1,-1
287,4,0.5912698412698594,744.1230158730214,70.49617346938751,92.10246598639003,1,-1,-1,-1
288,1,604,383,45,51,1,-1,-1,-1
288,2,554,618,91,109,1,-1,-1,-1
288,4,0.759920634920651,743.4365079365134,70.31122448979569,92.38236961450798,1,-1,-1,-1
289,1,604,383,45,52,1,-1,-1,-1
289,2,555,611,90,111,1,-1,-1,-1
289,4,0.9285714285714426,742.7500000000055,70.12627551020385,92.66227324262593,1,-1,-1,-1
290,1,604,383,45,51,1,-1,-1,-1
290,2,559,621,87,102,1,-1,-1,-1
290,4,1.097222222222234,742.0634920634975,69.94132653061203,92.94217687074388,1,-1,-1,-1
291,1,604,383,45,52,1,-1,-1,-1
291,2,562,619,85,104,1,-1,-1,-1
291,4,1.2658730158730256,741.3769841269896,69.7563775510202,93.22208049886183,1,-1,-1,-1
292,1,604,383,44,50,1,-1,-1,-1
292,2,562,612,89,110,1,-1,-1,-1
292,4,1.434523809523817,740.6904761904816,69.57142857142837,93.50198412697978,1,-1,-1,-1
293,1,603,382,45,52,1,-1,-1,-1
293,2,569,620,85,100,1,-1,-1,-1
293,4,1.6031746031746086,740.0039682539737,69.38647959183653,93.78188775509773,1,-1,-1,-1
294,1,603,382,46,53,1,-1,-1,-1
294,2,575,620,86,99,1,-1,-1,-1
294,4,1.7718253968254,739.3174603174657,69.2015306122447,94.06179138321568,1,-1,-1,-1
295,1,601,382,48,54,1,-1,-1,-1
295,2,577,615,86,102,1,-1,-1,-1
295,4,1.9404761904761916,738.6309523809578,69.01658163265287,94.34169501133363,1,-1,-1,-1
296,1,598,380,49,57,1,-1,-1,-1
296,2,572,613,91,106,1,-1,-1,-1
296,4,2.1091269841269833,737.9444444444498,68.83163265306104,94.62159863945158,1,-1,-1,-1
297,1,600,380,45,53,1,-1,-1,-1
297,2,585,613,79,101,1,-1,-1,-1
297,4,2.277777777777775,737.2579365079418,68.64668367346921,94.90150226756953,1,-1,-1,-1
298,1,600,380,45,53,1,-1,-1,-1
298,2,586,613,79,101,1,-1,-1,-1
298,4,2.4464285714285667,736.5714285714339,68.46173469387737,95.18140589568748,1,-1,-1,-1
299,1,600,380,45,53,1,-1,-1,-1
299,2,586,613,79,101,1,-1,-1,-1
299,4,2.6150793650793585,735.884920634926,68.27678571428555,95.46130952380543,1,-1,-1,-1
299,6,0,615,56,74,1,-1,-1,-1
300,1,600,380,45,53,1,-1,-1,-1
300,2,582,616,81,100,1,-1,-1,-1
300,4,2.78373015873015,735.198412698418,68.09183673469371,95.74121315192338,1,-1,-1,-1
300,6,3.612988417971236,616.9917589410717,55.97651775486826,74.1403207331042,1,-1,-1,-1
301,1,596,379,48,55,1,-1,-1,-1
301,2,572,618,90,95,1,-1,-1,-1
301,4,2.952380952380942,734.51190476191,67.90688775510188,96.02111678004133,1,-1,-1,-1
301,6,7.225976835942472,618.9835178821434,55.95303550973652,74.28064146620841,1,-1,-1,-1
302,1,597,379,47,54,1,-1,-1,-1
302,2,579,619,81,94,1,-1,-1,-1
302,4,3.1210317460317336,733.8253968254021,67.72193877551005,96.30102040815927,1,-1,-1,-1
302,6,10.838965253913708,620.975276823215,55.9295532646048,74.42096219931261,1,-1,-1,-1
303,1,597,379,47,54,1,-1,-1,-1
303,2,575,622,86,94,1,-1,-1,-1
303,4,3.2896825396825253,733.1388888888941,67.53698979591822,96.58092403627722,1,-1,-1,-1
303,6,14.451953671884944,622.9670357642867,55.90607101947307,74.56128293241682,1,-1,-1,-1
304,1,597,379,47,55,1,-1,-1,-1
304,2,573,612,86,104,1,-1,-1,-1
304,4,3.458333333333317,732.4523809523862,67.3520408163264,96.86082766439517,1,-1,-1,-1
304,6,18.06494208985618,624.9587947053584,55.882588774341336,74.70160366552102,1,-1,-1,-1
305,1,596,378,48,56,1,-1,-1,-1
305,2,571,612,87,104,1,-1,-1,-1
305,4,3.6269841269841088,731.7658730158782,67.16709183673456,97.14073129251312,1,-1,-1,-1
305,6,21.67793050782742,626.9505536464301,55.859106529209605,74.84192439862522,1,-1,-1,-1
306,1,597.0,378.0,48.0,55.0,1,-1,-1,-1
306,2,573.0,617.0,88.0,97.0,1,-1,-1,-1
306,4,3.7956349206348996,731.0793650793718,66.98214285714289,97.42063492062823,1,-1,-1,-1
306,6,25.290918925798657,628.9423125875018,55.83562428407787,74.98224513172943,1,-1,-1,-1
307,1,596,378,49,58,1,-1,-1,-1
307,2,568,613,87,104,1,-1,-1,-1
307,4,6.365079365079342,729.301587301594,67.61989795918369,96.61082766439245,1,-1,-1,-1
307,6,28.903907343769895,630.9340715285734,55.81214203894614,75.12256586483363,1,-1,-1,-1
308,1,596,378,50,58,1,-1,-1,-1
308,2,567,612,87,104,1,-1,-1,-1
308,4,8.934523809523784,727.5238095238163,68.25765306122449,95.80102040815666,1,-1,-1,-1
308,6,32.51689576174113,632.9258304696451,55.78865979381441,75.26288659793784,1,-1,-1,-1
309,1,597,379,48,56,1,-1,-1,-1
309,2,572,606,86,104,1,-1,-1,-1
309,4,11.503968253968225,725.7460317460386,68.89540816326529,94.99121315192087,1,-1,-1,-1
309,6,36.12988417971237,634.9175894107168,55.76517754868268,75.40320733104204,1,-1,-1,-1
310,1,597,379,48,56,1,-1,-1,-1
310,2,569,610,86,105,1,-1,-1,-1
310,4,14.073412698412668,723.9682539682609,69.53316326530609,94.18140589568509,1,-1,-1,-1
310,6,39.74287259768361,636.9093483517885,55.74169530355095,75.54352806414624,1,-1,-1,-1
311,1,598,379,47,57,1,-1,-1,-1
311,2,565,607,91,110,1,-1,-1,-1
311,4,16.64285714285711,722.1904761904832,70.17091836734689,93.3715986394493,1,-1,-1,-1
311,6,43.355861015654845,638.9011072928602,55.71821305841922,75.68384879725045,1,-1,-1,-1
312,1,597,379,48,56,1,-1,-1,-1
312,2,570,615,88,101,1,-1,-1,-1
312,4,19.212301587301553,720.4126984127055,70.80867346938768,92.56179138321352,1,-1,-1,-1
312,6,46.96884943362608,640.8928662339318,55.694730813287485,75.82416953035465,1,-1,-1,-1
313,1,597,379,48,57,1,-1,-1,-1
313,2,569,632,81,85,1,-1,-1,-1
313,4,21.781746031745996,718.6349206349278,71.44642857142848,91.75198412697773,1,-1,-1,-1
313,6,50.58183785159732,642.8846251750035,55.671248568155754,75.96449026345886,1,-1,-1,-1
314,1,596,379,48,56,1,-1,-1,-1
314,2,566,627,83,91,1,-1,-1,-1
314,4,24.35119047619044,716.85714285715,72.08418367346928,90.94217687074195,1,-1,-1,-1
314,6,54.19482626956856,644.8763841160752,55.64776632302402,76.10481099656306,1,-1,-1,-1
315,1,596,379,48,55,1,-1,-1,-1
315,2,558,629,85,89,1,-1,-1,-1
315,4,26.920634920634882,715.0793650793723,72.72193877551008,90.13236961450616,1,-1,-1,-1
315,6,57.807814687539796,646.8681430571469,55.62428407789229,76.24513172966726,1,-1,-1,-1
316,1,596,379,48,55,1,-1,-1,-1
316,2,554,621,86,100,1,-1,-1,-1
316,4,29.490079365079325,713.3015873015946,73.35969387755088,89.32256235827037,1,-1,-1,-1
316,6,61.420803105511034,648.8599019982186,55.60080183276056,76.38545246277147,1,-1,-1,-1
317,1,596.0,379.0,48.0,54.0,1,-1,-1,-1
317,2,554.0,623.0,83.0,96.0,1,-1,-1,-1
317,4,32.05952380952377,711.5238095238169,73.99744897959168,88.51275510203459,1,-1,-1,-1
317,6,65.03379152348225,650.8516609392896,55.57731958762879,76.52577319587647,1,-1,-1,-1
318,1,596.0,379.0,48.0,54.0,1,-1,-1,-1
318,2,554.0,623.0,83.0,96.0,1,-1,-1,-1
318,4,34.62896825396821,709.7460317460392,74.63520408163248,87.7029478457988,1,-1,-1,-1
319,1,596.0,380.0,48.0,52.0,1,-1,-1,-1
319,2,542.0,631.0,79.0,91.0,1,-1,-1,-1
319,4,37.19841269841265,707.9682539682615,75.27295918367328,86.89314058956302,1,-1,-1,-1
320,1,597.0,379.0,47.0,52.0,1,-1,-1,-1
320,2,539.0,632.0,81.0,92.0,1,-1,-1,-1
320,4,39.76785714285709,706.1904761904834,75.910714285714,86.083333333327,1,-1,-1,-1
321,1,596.0,376.0,48.0,55.0,1,-1,-1,-1
321,2,531.0,625.0,84.0,102.0,1,-1,-1,-1
321,4,40.0,706.0,76.0,86.0,1,-1,-1,-1
322,1,596.0,376.0,48.0,55.0,1,-1,-1,-1
322,2,531.0,633.0,83.0,94.0,1,-1,-1,-1
322,4,40.0,706.0,76.0,85.0,1,-1,-1,-1
323,1,595.0,376.0,48.0,54.0,1,-1,-1,-1
323,2,524.0,633.0,82.0,97.0,1,-1,-1,-1
323,4,47.0,711.0,71.0,81.0,1,-1,-1,-1
324,1,596.25,376.0,47.25,53.25,1,-1,-1,-1
324,2,524.0,637.0,82.0,93.0,1,-1,-1,-1
324,4,45.0,713.0,71.0,79.0,1,-1,-1,-1
325,1,597.5,376.0,46.5,52.5,1,-1,-1,-1
325,2,501.0,653.0,78.0,89.0,1,-1,-1,-1
325,4,51.0,713.0,66.0,75.0,1,-1,-1,-1
326,1,598.75,376.0,45.75,51.75,1,-1,-1,-1
326,2,491.0,648.0,78.0,94.0,1,-1,-1,-1
326,4,53.23076923076923,711.6153846153846,66.46153846153845,75.76923076923072,1,-1,-1,-1
327,1,600.0,376.0,45.0,51.0,1,-1,-1,-1
327,2,491.0,647.0,78.0,95.0,1,-1,-1,-1
327,4,55.46153846153847,710.2307692307693,66.92307692307692,76.53846153846143,1,-1,-1,-1
328,1,600.0,375.0,46.0,52.0,1,-1,-1,-1
328,2,491.0,645.0,79.0,98.0,1,-1,-1,-1
328,4,57.6923076923077,708.8461538461539,67.38461538461539,77.30769230769215,1,-1,-1,-1
329,1,602.0,374.0,47.0,53.0,1,-1,-1,-1
329,2,471.0,670.0,76.0,88.0,1,-1,-1,-1
329,4,59.923076923076934,707.4615384615386,67.84615384615384,78.07692307692287,1,-1,-1,-1
330,1,604.0,373.0,45.0,52.0,1,-1,-1,-1
330,2,446.0,675.0,81.0,99.0,1,-1,-1,-1
330,4,62.15384615384617,706.0769230769232,68.30769230769229,78.84615384615358,1,-1,-1,-1
331,1,603.0,374.0,46.0,52.0,1,-1,-1,-1
331,2,446.0,675.0,81.0,100.0,1,-1,-1,-1
331,4,64.3846153846154,704.6923076923078,68.76923076923073,79.6153846153843,1,-1,-1,-1
332,1,604.0,373.0,44.0,53.0,1,-1,-1,-1
332,2,419.0,664.0,85.0,126.0,1,-1,-1,-1
332,4,66.61538461538463,703.3076923076925,69.23076923076918,80.38461538461502,1,-1,-1,-1
333,1,604.0,373.0,44.0,53.0,1,-1,-1,-1
333,2,409.0,681.0,85.0,118.0,1,-1,-1,-1
333,4,68.84615384615385,701.9230769230771,69.69230769230764,81.15384615384573,1,-1,-1,-1
334,1,605.0,374.0,42.0,52.0,1,-1,-1,-1
334,2,399.0,683.0,89.0,127.0,1,-1,-1,-1
334,4,71.07692307692308,700.5384615384618,70.15384615384609,81.92307692307645,1,-1,-1,-1
335,1,605.0,374.0,42.0,52.0,1,-1,-1,-1
335,2,399.0,683.0,89.0,127.0,1,-1,-1,-1
335,4,73.3076923076923,699.1538461538464,70.61538461538454,82.69230769230717,1,-1,-1,-1
336,1,605.0,374.0,42.0,50.0,1,-1,-1,-1
336,2,385.0,718.0,81.0,107.0,1,-1,-1,-1
336,4,75.53846153846153,697.7692307692311,71.076923076923,83.46153846153788,1,-1,-1,-1
337,1,604.0,374.0,43.0,53.0,1,-1,-1,-1
337,2,377.0,741.0,83.0,93.0,1,-1,-1,-1
337,4,77.76923076923076,696.3846153846157,71.53846153846145,84.2307692307686,1,-1,-1,-1
338,1,605.0,375.0,42.0,52.0,1,-1,-1,-1
338,2,372.0,745.0,81.0,97.0,1,-1,-1,-1
338,4,80.0,695.0,72.0,85.0,1,-1,-1,-1
339,1,606.0,375.0,41.0,51.0,1,-1,-1,-1
339,2,362.0,714.0,85.0,131.0,1,-1,-1,-1
339,4,80.0,695.0,70.0,83.0,1,-1,-1,-1
340,1,606.0,376.0,40.0,52.0,1,-1,-1,-1
340,2,355.0,721.0,90.0,133.0,1,-1,-1,-1
340,4,79.0,698.0,70.0,82.0,1,-1,-1,-1
341,1,607.0,376.0,39.0,52.0,1,-1,-1,-1
341,2,355.0,722.0,90.0,132.0,1,-1,-1,-1
341,4,79.0,698.0,70.0,84.0,1,-1,-1,-1
342,1,605.0,377.0,41.0,53.0,1,-1,-1,-1
342,2,351.0,734.0,88.0,128.0,1,-1,-1,-1
342,4,74.0,702.0,75.0,83.0,1,-1,-1,-1
343,1,604.0,378.0,41.0,49.0,1,-1,-1,-1
343,2,343.0,753.0,87.0,121.0,1,-1,-1,-1
343,4,71.0,700.0,70.0,79.0,1,-1,-1,-1
344,1,603.0,377.0,43.0,51.0,1,-1,-1,-1
344,2,341.0,767.0,80.0,108.0,1,-1,-1,-1
344,4,73.0,701.0,69.0,86.0,1,-1,-1,-1
345,1,603.0,379.0,43.0,52.0,1,-1,-1,-1
345,2,336.0,776.0,83.0,100.0,1,-1,-1,-1
345,4,72.89321518080916,700.7225802601743,69.25832438238453,86.18635875402788,1,-1,-1,-1
346,1,603.0,379.0,43.0,52.0,1,-1,-1,-1
346,2,337.0,781.0,82.0,96.0,1,-1,-1,-1
346,4,72.78643036161833,700.4451605203485,69.51664876476906,86.37271750805576,1,-1,-1,-1
347,1,602.0,380.0,44.0,50.0,1,-1,-1,-1
347,2,331.0,777.0,87.0,101.0,1,-1,-1,-1
347,4,72.6796455424275,700.1677407805228,69.77497314715359,86.55907626208364,1,-1,-1,-1
348,1,602.0,379.0,43.0,51.0,1,-1,-1,-1
348,2,327.0,770.0,87.0,109.0,1,-1,-1,-1
348,4,72.57286072323666,699.890321040697,70.03329752953812,86.74543501611151,1,-1,-1,-1
349,1,602.25,379.5,43.0,50.75,1,-1,-1,-1
349,2,327.0,767.0,87.0,113.0,1,-1,-1,-1
349,4,72.46607590404582,699.6129013008713,70.29162191192265,86.9317937701394,1,-1,-1,-1
350,1,602.5,380.0,43.0,50.5,1,-1,-1,-1
350,2,327.0,779.0,84.0,102.0,1,-1,-1,-1
350,4,72.35929108485499,699.3354815610455,70.54994629430718,87.11815252416727,1,-1,-1,-1
351,1,602.75,380.5,43.0,50.25,1,-1,-1,-1
351,2,328.0,769.0,83.0,112.0,1,-1,-1,-1
351,4,72.25250626566415,699.0580618212198,70.8082706766917,87.30451127819515,1,-1,-1,-1
352,1,603.0,381.0,43.0,50.0,1,-1,-1,-1
352,2,329.0,784.0,82.0,96.0,1,-1,-1,-1
352,4,72.14572144647332,698.780642081394,71.06659505907623,87.49087003222303,1,-1,-1,-1
353,1,604.0,381.0,43.0,50.0,1,-1,-1,-1
353,2,331.0,751.0,87.0,127.0,1,-1,-1,-1
353,4,72.03893662728248,698.5032223415683,71.32491944146076,87.67722878625091,1,-1,-1,-1
354,1,604.0,382.0,43.0,51.0,1,-1,-1,-1
354,2,336.0,780.0,79.0,98.0,1,-1,-1,-1
354,4,71.93215180809165,698.2258026017425,71.5832438238453,87.86358754027879,1,-1,-1,-1
355,1,604.0,382.0,43.0,49.0,1,-1,-1,-1
355,2,332.0,753.0,86.0,127.0,1,-1,-1,-1
355,4,71.82536698890081,697.9483828619168,71.84156820622982,88.04994629430666,1,-1,-1,-1
356,1,604.0,380.0,44.0,53.0,1,-1,-1,-1
356,2,339.0,744.0,92.0,137.0,1,-1,-1,-1
356,4,71.71858216970998,697.670963122091,72.09989258861435,88.23630504833454,1,-1,-1,-1
357,1,603.0,380.0,45.0,53.0,1,-1,-1,-1
357,2,342.0,738.0,89.0,133.0,1,-1,-1,-1
357,4,71.61179735051914,697.3935433822653,72.35821697099888,88.42266380236242,1,-1,-1,-1
358,1,603.0,380.0,44.0,52.0,1,-1,-1,-1
358,2,345.0,737.0,90.0,137.0,1,-1,-1,-1
358,4,71.5050125313283,697.1161236424396,72.61654135338341,88.6090225563903,1,-1,-1,-1
359,1,603.0,380.0,45.0,53.0,1,-1,-1,-1
359,2,350.0,738.0,90.0,137.0,1,-1,-1,-1
359,4,71.39822771213747,696.8387039026138,72.87486573576794,88.79538131041818,1,-1,-1,-1
360,1,604.0,381.0,44.0,51.0,1,-1,-1,-1
360,2,355.0,739.0,89.0,132.0,1,-1,-1,-1
360,4,71.29144289294663,696.5612841627881,73.13319011815247,88.98174006444606,1,-1,-1,-1
361,1,604.0,380.0,44.0,52.0,1,-1,-1,-1
361,2,358.0,731.0,93.0,143.0,1,-1,-1,-1
361,4,71.1846580737558,696.2838644229623,73.391514500537,89.16809881847394,1,-1,-1,-1
362,1,603.0,379.0,44.0,51.0,1,-1,-1,-1
362,2,361.0,731.0,98.0,139.0,1,-1,-1,-1
362,4,71.07787325456496,696.0064446831366,73.64983888292153,89.35445757250181,1,-1,-1,-1
363,1,603.0,379.0,44.0,51.0,1,-1,-1,-1
363,2,360.0,729.0,99.0,141.0,1,-1,-1,-1
363,4,70.97108843537413,695.7290249433108,73.90816326530606,89.5408163265297,1,-1,-1,-1
364,1,603.0,379.0,44.0,51.0,1,-1,-1,-1
364,2,381.0,726.0,93.0,129.0,1,-1,-1,-1
364,4,70.86430361618329,695.4516052034851,74.16648764769059,89.72717508055757,1,-1,-1,-1
365,1,601.0,379.0,46.0,52.0,1,-1,-1,-1
365,2,390.0,725.0,98.0,127.0,1,-1,-1,-1
365,4,70.75751879699246,695.1741854636593,74.42481203007512,89.91353383458545,1,-1,-1,-1
366,1,603,378,45,53,1,-1,-1,-1
366,2,395,724,99,125,1,-1,-1,-1
366,4,70.65073397780162,694.8967657238336,74.68313641245965,90.09989258861333,1,-1,-1,-1
366,6,60.87628865979372,633.0515463917516,60.12371134020628,78.04123711340276,1,-1,-1,-1
367,1,603,379,45,51,1,-1,-1,-1
367,2,396,722,100,127,1,-1,-1,-1
367,4,70.54394915861079,694.6193459840079,74.94146079484418,90.28625134264121,1,-1,-1,-1
367,6,61.78350515463908,633.340206185566,60.21649484536092,78.07216494845431,1,-1,-1,-1
368,1,603,379,44,51,1,-1,-1,-1
368,2,408,715,99,109,1,-1,-1,-1
368,4,70.43716433941995,694.3419262441821,75.1997851772287,90.47261009666909,1,-1,-1,-1
368,6,62.69072164948444,633.6288659793804,60.30927835051556,78.10309278350587,1,-1,-1,-1
369,1,602,376,48,56,1,-1,-1,-1
369,2,429,700,96,107,1,-1,-1,-1
369,4,70.33037952022912,694.0645065043564,75.45810955961323,90.65896885069697,1,-1,-1,-1
369,6,63.597938144329795,633.9175257731948,60.402061855670205,78.13402061855743,1,-1,-1,-1
370,1,604,375,46,54,1,-1,-1,-1
370,2,442,691,96,106,1,-1,-1,-1
370,4,70.22359470103828,693.7870867645306,75.71643394199776,90.84532760472484,1,-1,-1,-1
370,6,64.50515463917516,634.2061855670092,60.49484536082484,78.16494845360899,1,-1,-1,-1
371,1,607,373,44,52,1,-1,-1,-1
371,2,455,685,96,123,1,-1,-1,-1
371,4,70.11680988184744,693.5096670247049,75.9747583243823,91.03168635875272,1,-1,-1,-1
371,6,65.41237113402052,634.4948453608237,60.58762886597948,78.19587628866054,1,-1,-1,-1
372,1,608,373,44,52,1,-1,-1,-1
372,2,463,671,90,105,1,-1,-1,-1
372,4,70.01002506265661,693.2322472848791,76.23308270676682,91.2180451127806,1,-1,-1,-1
372,6,66.31958762886588,634.7835051546381,60.680412371134125,78.2268041237121,1,-1,-1,-1
373,1,608,373,44,52,1,-1,-1,-1
373,2,463,671,92,106,1,-1,-1,-1
373,4,69.90324024346577,692.9548275450534,76.49140708915135,91.40440386680848,1,-1,-1,-1
373,6,67.22680412371123,635.0721649484525,60.77319587628877,78.25773195876366,1,-1,-1,-1
374,1,608,372,44,52,1,-1,-1,-1
374,2,488,664,89,109,1,-1,-1,-1
374,4,69.79645542427494,692.6774078052276,76.74973147153588,91.59076262083636,1,-1,-1,-1
374,6,68.13402061855659,635.3608247422669,60.86597938144341,78.28865979381521,1,-1,-1,-1
375,1,611,371,41,49,1,-1,-1,-1
375,2,496,658,87,107,1,-1,-1,-1
375,4,69.6896706050841,692.3999880654019,77.00805585392041,91.77712137486424,1,-1,-1,-1
375,6,69.04123711340195,635.6494845360813,60.95876288659805,78.31958762886677,1,-1,-1,-1
376,1,609,371,42,50,1,-1,-1,-1
376,2,507,654,85,107,1,-1,-1,-1
376,4,69.58288578589327,692.1225683255761,77.26638023630494,91.96348012889212,1,-1,-1,-1
376,6,69.9484536082473,635.9381443298957,61.051546391752694,78.35051546391833,1,-1,-1,-1
377,1,609,371,42,49,1,-1,-1,-1
377,2,520,658,85,100,1,-1,-1,-1
377,4,69.47610096670243,691.8451485857504,77.52470461868947,92.14983888292,1,-1,-1,-1
377,6,70.85567010309266,636.2268041237102,61.14432989690734,78.38144329896988,1,-1,-1,-1
378,1,609,371,41,48,1,-1,-1,-1
378,2,528,642,88,114,1,-1,-1,-1
378,4,69.3693161475116,691.5677288459246,77.783029001074,92.33619763694787,1,-1,-1,-1
378,6,71.76288659793802,636.5154639175246,61.23711340206198,78.41237113402144,1,-1,-1,-1
379,1,609,371,41,48,1,-1,-1,-1
379,2,527,643,90,115,1,-1,-1,-1
379,4,69.26253132832076,691.2903091060989,78.04135338345853,92.52255639097575,1,-1,-1,-1
379,6,72.67010309278338,636.804123711339,61.32989690721662,78.443298969073,1,-1,-1,-1
380,1,608,369,40,49,1,-1,-1,-1
380,2,540,637,92,111,1,-1,-1,-1
380,4,69.15574650912993,691.0128893662732,78.29967776584306,92.70891514500363,1,-1,-1,-1
380,6,73.57731958762874,637.0927835051534,61.422680412371264,78.47422680412456,1,-1,-1,-1
381,1,608,368,41,49,1,-1,-1,-1
381,2,547,640,95,101,1,-1,-1,-1
381,4,69.04896168993909,690.7354696264474,78.55800214822759,92.89527389903151,1,-1,-1,-1
381,6,74.4845360824741,637.3814432989678,61.515463917525906,78.50515463917611,1,-1,-1,-1
382,1,607.7222222222222,368.27777777777777,41.1111111111112,49.44444444444446,1,-1,-1,-1
382,2,552.0,633.0,89.0,103.0,1,-1,-1,-1
382,4,68.94217687074848,690.4580498866222,78.81632653061212,93.08163265305848,1,-1,-1,-1
382,6,75.39175257731945,637.6701030927823,61.60824742268055,78.53608247422767,1,-1,-1,-1
383,1,607.4444444444443,368.55555555555554,41.2222222222224,49.888888888888914,1,-1,-1,-1
383,2,555,630,89,102,1,-1,-1,-1
383,4,74.21088435374169,688.835703978562,79.08163265306108,93.4081632653033,1,-1,-1,-1
383,6,76.29896907216481,637.9587628865967,61.70103092783519,78.56701030927923,1,-1,-1,-1
384,1,607.1666666666665,368.8333333333333,41.3333333333336,50.33333333333337,1,-1,-1,-1
384,2,555.0,631.0,90.0,102.0,1,-1,-1,-1
384,4,79.4795918367349,687.2133580705018,79.34693877551004,93.73469387754812,1,-1,-1,-1
384,6,77.20618556701017,638.2474226804111,61.793814432989834,78.59793814433078,1,-1,-1,-1
385,1,606.8888888888887,369.1111111111111,41.4444444444448,50.77777777777783,1,-1,-1,-1
385,2,556.0,626.0,91.0,104.0,1,-1,-1,-1
385,4,84.7482993197281,685.5910121624416,79.612244897959,94.06122448979295,1,-1,-1,-1
385,6,78.11340206185552,638.5360824742255,61.886597938144476,78.62886597938234,1,-1,-1,-1
386,1,606.6111111111109,369.38888888888886,41.555555555556,51.222222222222285,1,-1,-1,-1
386,2,559,623,92,107,1,-1,-1,-1
386,4,90.01700680272131,683.9686662543814,79.87755102040796,94.38775510203777,1,-1,-1,-1
386,6,79.02061855670088,638.8247422680399,61.97938144329912,78.6597938144339,1,-1,-1,-1
387,1,606.333333333333,369.66666666666663,41.6666666666672,51.66666666666674,1,-1,-1,-1
387,2,558,622,92,104,1,-1,-1,-1
387,4,95.28571428571452,682.3463203463212,80.14285714285693,94.7142857142826,1,-1,-1,-1
387,6,79.92783505154624,639.1134020618543,62.07216494845376,78.69072164948545,1,-1,-1,-1
388,1,606.0555555555552,369.9444444444444,41.7777777777784,52.1111111111112,1,-1,-1,-1
388,2,562,623,92,103,1,-1,-1,-1
388,4,100.55442176870773,680.723974438261,80.40816326530589,95.04081632652742,1,-1,-1,-1
388,6,80.8350515463916,639.4020618556688,62.1649484536084,78.72164948453701,1,-1,-1,-1
389,1,605.7777777777774,370.2222222222222,41.888888888889596,52.55555555555566,1,-1,-1,-1
389,2,562,625,93,100,1,-1,-1,-1
389,4,105.82312925170093,679.1016285302009,80.67346938775485,95.36734693877224,1,-1,-1,-1
389,6,81.74226804123695,639.6907216494832,62.257731958763046,78.75257731958857,1,-1,-1,-1
390,1,605.4999999999995,370.49999999999994,42.000000000000796,53.000000000000114,1,-1,-1,-1
390,2,569,619,88,103,1,-1,-1,-1
390,4,111.09183673469414,677.4792826221407,80.93877551020381,95.69387755101707,1,-1,-1,-1
390,6,82.64948453608231,639.9793814432976,62.35051546391769,78.78350515464012,1,-1,-1,-1
391,1,605.2222222222217,370.7777777777777,42.111111111111995,53.44444444444457,1,-1,-1,-1
391,2,569,621,87,100,1,-1,-1,-1
391,4,116.36054421768735,675.8569367140805,81.20408163265277,96.02040816326189,1,-1,-1,-1
391,6,83.55670103092767,640.268041237112,62.44329896907233,78.81443298969168,1,-1,-1,-1
392,1,604.9444444444439,371.0555555555555,42.222222222223195,53.88888888888903,1,-1,-1,-1
392,2,568,617,90,104,1,-1,-1,-1
392,4,121.62925170068056,674.2345908060203,81.46938775510174,96.34693877550671,1,-1,-1,-1
392,6,84.46391752577303,640.5567010309264,62.53608247422697,78.84536082474324,1,-1,-1,-1
393,1,604.6666666666661,371.33333333333326,42.333333333334394,54.333333333333485,1,-1,-1,-1
393,2,567,616,90,103,1,-1,-1,-1
393,4,126.89795918367372,672.6122448979604,81.73469387755085,96.67346938775154,1,-1,-1,-1
393,6,85.37113402061838,640.8453608247409,62.628865979381615,78.8762886597948,1,-1,-1,-1
394,1,604.3888888888882,371.61111111111103,42.444444444445594,54.77777777777794,1,-1,-1,-1
394,2,567,617,90,102,1,-1,-1,-1
394,4,128,672,82,97,1,-1,-1,-1
394,6,86.27835051546374,641.1340206185553,62.72164948453626,78.90721649484635,1,-1,-1,-1
395,1,604.1111111111104,371.8888888888888,42.55555555555679,55.2222222222224,1,-1,-1,-1
395,2,569,616,88,102,1,-1,-1,-1
395,4,134,673,75,80,1,-1,-1,-1
395,6,87.1855670103091,641.4226804123697,62.8144329896909,78.93814432989791,1,-1,-1,-1
396,1,603.8333333333326,372.1666666666666,42.66666666666799,55.666666666666856,1,-1,-1,-1
396,2,570,618,85,98,1,-1,-1,-1
396,4,141,669,80,93,1,-1,-1,-1
396,6,88.09278350515446,641.7113402061841,62.90721649484554,78.96907216494947,1,-1,-1,-1
397,1,603.5555555555547,372.44444444444434,42.77777777777919,56.11111111111131,1,-1,-1,-1
397,2,570,618,85,98,1,-1,-1,-1
397,4,141,669,79,92,1,-1,-1,-1
397,6,89,642,63,79,1,-1,-1,-1
398,1,603.2777777777769,372.7222222222221,42.88888888889039,56.55555555555577,1,-1,-1,-1
398,2,563,617,89,98,1,-1,-1,-1
398,4,146,669,68,76,1,-1,-1,-1
398,6,91,645,63,74,1,-1,-1,-1
399,1,603,373,43,57,1,-1,-1,-1
399,2,563,617,89,98,1,-1,-1,-1
399,4,145,670,71,79,1,-1,-1,-1
399,6,91,645,63,75,1,-1,-1,-1
400,1,603,374,43,55,1,-1,-1,-1
400,2,562,617,89,98,1,-1,-1,-1
400,4,145,669,68,76,1,-1,-1,-1
400,6,91,644,64,76,1,-1,-1,-1
401,1,601,373,45,56,1,-1,-1,-1
401,2,574,617,82,96,1,-1,-1,-1
401,4,147,666,88,94,1,-1,-1,-1
401,6,90,646,63,70,1,-1,-1,-1
402,1,598,372,49,56,1,-1,-1,-1
402,2,559,615,81,96,1,-1,-1,-1
402,4,154,662,92,90,1,-1,-1,-1
402,6,91,646,65,74,1,-1,-1,-1
403,1,599,374,48,53,1,-1,-1,-1
403,2,559,615,83,96,1,-1,-1,-1
403,4,155,662,91,92,1,-1,-1,-1
403,6,90,647,67,74,1,-1,-1,-1
404,1,598,371,48,58,1,-1,-1,-1
404,2,556,621,83,93,1,-1,-1,-1
404,4,157,663,90,90,1,-1,-1,-1
404,6,93,647,66,72,1,-1,-1,-1
405,1,598.0,370.875,48.0,57.9375,1,-1,-1,-1
405,2,555,618,85,95,1,-1,-1,-1
405,4,156,663,91,89,1,-1,-1,-1
405,6,93,647,66,72,1,-1,-1,-1
406,1,598.0,370.75,48.0,57.875,1,-1,-1,-1
406,2,556,616,76,94,1,-1,-1,-1
406,4,155,661,92,91,1,-1,-1,-1
406,6,95,649,63,70,1,-1,-1,-1
407,1,598.0,370.625,48.0,57.8125,1,-1,-1,-1
407,2,553,619,79,91,1,-1,-1,-1
407,4,154,661,86,87,1,-1,-1,-1
407,6,95,648,65,72,1,-1,-1,-1
408,1,598.0,370.5,48.0,57.75,1,-1,-1,-1
408,2,548,613,85,98,1,-1,-1,-1
408,4,155,662,88,99,1,-1,-1,-1
408,6,96.0,649.2,64.1,71.39999999999998,1,-1,-1,-1
409,1,598.0,370.375,48.0,57.6875,1,-1,-1,-1
409,2,548,612,81,94,1,-1,-1,-1
409,4,154,663,89,97,1,-1,-1,-1
409,6,97.0,650.4000000000001,63.19999999999999,70.79999999999995,1,-1,-1,-1
410,1,598.0,370.25,48.0,57.625,1,-1,-1,-1
410,2,549,611,77,95,1,-1,-1,-1
410,4,154,663,90,100,1,-1,-1,-1
410,6,98.0,651.6000000000001,62.29999999999998,70.19999999999993,1,-1,-1,-1
411,1,598.0,370.125,48.0,57.5625,1,-1,-1,-1
411,2,549,615,78,91,1,-1,-1,-1
411,4,155,664,85,92,1,-1,-1,-1
411,6,99.0,652.8000000000002,61.39999999999998,69.59999999999991,1,-1,-1,-1
412,1,598.0,370.0,48.0,57.5,1,-1,-1,-1
412,2,553,619,76,86,1,-1,-1,-1
412,4,156,664,76,81,1,-1,-1,-1
412,6,100.0,654.0000000000002,60.49999999999997,68.99999999999989,1,-1,-1,-1
413,1,598.0,369.875,48.0,57.4375,1,-1,-1,-1
413,2,547,610,78,96,1,-1,-1,-1
413,4,151,663,84,88,1,-1,-1,-1
413,6,101.0,655.2000000000003,59.599999999999966,68.39999999999986,1,-1,-1,-1
414,1,598.0,369.75,48.0,57.375,1,-1,-1,-1
414,2,554,617,74,86,1,-1,-1,-1
414,4,152,663,81,89,1,-1,-1,-1
414,6,102.0,656.4000000000003,58.69999999999996,67.79999999999984,1,-1,-1,-1
415,1,598.0,369.625,48.0,57.3125,1,-1,-1,-1
415,2,555,622,75,81,1,-1,-1,-1
415,4,153,662,78,86,1,-1,-1,-1
415,6,103.0,657.6000000000004,57.799999999999955,67.19999999999982,1,-1,-1,-1
416,1,598.0,369.5,48.0,57.25,1,-1,-1,-1
416,2,549,617,79,87,1,-1,-1,-1
416,4,153,661,78,86,1,-1,-1,-1
416,6,104.0,658.8000000000004,56.89999999999995,66.5999999999998,1,-1,-1,-1
417,1,598.0,369.375,48.0,57.1875,1,-1,-1,-1
417,2,564,636,66,70,1,-1,-1,-1
417,4,153,662,79,84,1,-1,-1,-1
417,6,105,660,56,66,1,-1,-1,-1
418,1,598.0,369.25,48.0,57.125,1,-1,-1,-1
418,2,553,623,77,83,1,-1,-1,-1
418,4,152,663,78,87,1,-1,-1,-1
418,6,105,660,57,67,1,-1,-1,-1
419,1,598.0,369.125,48.0,57.0625,1,-1,-1,-1
419,2,563,632,66,74,1,-1,-1,-1
419,4,150,664,78,81,1,-1,-1,-1
420,1,598.0,369.0,48.0,57.0,1,-1,-1,-1
420,2,551,610,75,95,1,-1,-1,-1
420,4,148,666,75,77,1,-1,-1,-1
421,1,598.0,368.875,48.0,56.9375,1,-1,-1,-1
421,2,551,609,75,93,1,-1,-1,-1
421,4,147,665,78,80,1,-1,-1,-1
422,1,598.0,368.75,48.0,56.875,1,-1,-1,-1
422,2,553,614,74,89,1,-1,-1,-1
422,4,145,666,77,80,1,-1,-1,-1
423,1,598.0,368.625,48.0,56.8125,1,-1,-1,-1
423,2,552,613,74,90,1,-1,-1,-1
423,4,145,666,77,80,1,-1,-1,-1
424,1,598.0,368.5,48.0,56.75,1,-1,-1,-1
424,2,552,612,74,92,1,-1,-1,-1
424,4,145,666,77,80,1,-1,-1,-1
425,1,598.0,368.375,48.0,56.6875,1,-1,-1,-1
425,2,555,613,71,89,1,-1,-1,-1
425,4,144,665,76,80,1,-1,-1,-1
426,1,598.0,368.25,48.0,56.625,1,-1,-1,-1
426,2,562,615,73,88,1,-1,-1,-1
426,4,142.75,666.0,75.75,80.75,1,-1,-1,-1
427,1,598.0,368.125,48.0,56.5625,1,-1,-1,-1
427,2,558,594,77,108,1,-1,-1,-1
427,4,141.5,667.0,75.5,81.5,1,-1,-1,-1
428,1,598.0,368.0,48.0,56.5,1,-1,-1,-1
428,2,558,589,80,110,1,-1,-1,-1
428,4,140.25,668.0,75.25,82.25,1,-1,-1,-1
429,1,598.0,367.875,48.0,56.4375,1,-1,-1,-1
429,2,558,597,81,107,1,-1,-1,-1
429,4,139,669,75,83,1,-1,-1,-1
430,1,598.0,367.75,48.0,56.375,1,-1,-1,-1
430,2,561,595,76,105,1,-1,-1,-1
430,4,138,670,75,81,1,-1,-1,-1
431,1,598.0,367.625,48.0,56.3125,1,-1,-1,-1
431,2,558,589,80,112,1,-1,-1,-1
431,4,138,670,75,84,1,-1,-1,-1
432,1,598.0,367.5,48.0,56.25,1,-1,-1,-1
432,2,561,604,83,100,1,-1,-1,-1
432,4,137,669,76,87,1,-1,-1,-1
433,1,598.0,367.375,48.0,56.1875,1,-1,-1,-1
433,2,558,594,87,112,1,-1,-1,-1
433,4,138,669,73,85,1,-1,-1,-1
434,1,598.0,367.25,48.0,56.125,1,-1,-1,-1
434,2,558,602,85,103,1,-1,-1,-1
434,4,137,668,75,87,1,-1,-1,-1
435,1,598.0,367.125,48.0,56.0625,1,-1,-1,-1
435,2,558,600,85,105,1,-1,-1,-1
435,4,138,668,74,87,1,-1,-1,-1
436,1,598,367,48,56,1,-1,-1,-1
436,2,559,609,83,97,1,-1,-1,-1
436,4,137,670,74,84,1,-1,-1,-1
437,1,601,369,46,59,1,-1,-1,-1
437,2,561,607,81,99,1,-1,-1,-1
437,4,135,670,76,87,1,-1,-1,-1
438,1,601,369,47,58,1,-1,-1,-1
438,2,561,605,82,101,1,-1,-1,-1
438,4,135,670,77,88,1,-1,-1,-1
439,1,601,370,45,58,1,-1,-1,-1
439,2,562,612,80,93,1,-1,-1,-1
439,4,134,672,75,84,1,-1,-1,-1
440,1,600,371,46,59,1,-1,-1,-1
440,2,561,602,83,105,1,-1,-1,-1
440,4,135,672,76,85,1,-1,-1,-1
441,1,599,372,48,57,1,-1,-1,-1
441,2,560,597,84,110,1,-1,-1,-1
441,4,130,672,79,84,1,-1,-1,-1
442,4,132,673,76,83,1,-1,-1,-1
442,2,562,602,83,105,1,-1,-1,-1
442,1,599,371,48,57,1,-1,-1,-1
