0,0,418,227,65,75,1,-1,-1,-1
1,0,418,227,65,75,1,-1,-1,-1
2,0,418,227,65,75,1,-1,-1,-1
3,0,418,227,65,75,1,-1,-1,-1
4,0,418,227,65,75,1,-1,-1,-1
5,0,418,227,65,75,1,-1,-1,-1
6,0,418,227,65,75,1,-1,-1,-1
7,0,418,227,65,75,1,-1,-1,-1
8,0,418,227,65,75,1,-1,-1,-1
9,0,418,227,65,75,1,-1,-1,-1
10,0,418,227,65,75,1,-1,-1,-1
11,0,418,227,65,75,1,-1,-1,-1
12,0,418,227,65,75,1,-1,-1,-1
13,0,418,227,65,75,1,-1,-1,-1
14,0,418,227,65,75,1,-1,-1,-1
15,0,418,227,65,75,1,-1,-1,-1
16,0,418,227,65,75,1,-1,-1,-1
17,0,418,227,65,75,1,-1,-1,-1
18,0,418,227,65,75,1,-1,-1,-1
19,0,418,227,65,75,1,-1,-1,-1
20,0,418,227,65,75,1,-1,-1,-1
21,0,418,226,65,76,1,-1,-1,-1
22,0,418,226,64,74,1,-1,-1,-1
23,0,417,226,65,75,1,-1,-1,-1
24,0,418,228,62,70,1,-1,-1,-1
25,0,418,226,63,73,1,-1,-1,-1
26,0,417,227,65,75,1,-1,-1,-1
27,0,417,227,65,75,1,-1,-1,-1
28,0,416,229,62,73,1,-1,-1,-1
29,0,416,228,62,74,1,-1,-1,-1
30,0,416,228,62,73,1,-1,-1,-1
31,0,415,227,63,74,1,-1,-1,-1
32,0,414,227,63,73,1,-1,-1,-1
33,0,413,228,65,73,1,-1,-1,-1
34,0,413,227,64,73,1,-1,-1,-1
35,0,413,227,63,74,1,-1,-1,-1
36,0,413,227,64,74,1,-1,-1,-1
37,0,414,228,62,74,1,-1,-1,-1
38,0,414,228,62,74,1,-1,-1,-1
39,0,413,228,64,75,1,-1,-1,-1
40,0,412,228,65,75,1,-1,-1,-1
41,0,413,228,63,74,1,-1,-1,-1
42,0,413,228,63,74,1,-1,-1,-1
43,0,413,228,63,74,1,-1,-1,-1
44,0,413,228,63,74,1,-1,-1,-1
45,0,412,227,64,75,1,-1,-1,-1
46,0,412,227,64,75,1,-1,-1,-1
47,0,412,227,64,75,1,-1,-1,-1
48,0,412,227,64,75,1,-1,-1,-1
49,0,411,227,64,75,1,-1,-1,-1
50,0,412,228,63,74,1,-1,-1,-1
51,0,412,227,64,75,1,-1,-1,-1
52,0,411,227,64,74,1,-1,-1,-1
53,0,411,227,65,75,1,-1,-1,-1
54,0,411,227,64,75,1,-1,-1,-1
55,0,410,227,65,75,1,-1,-1,-1
56,0,410,227,65,75,1,-1,-1,-1
57,0,410,227,65,75,1,-1,-1,-1
58,0,410,227,65,75,1,-1,-1,-1
59,0,410,227,65,75,1,-1,-1,-1
60,0,410,227,65,74,1,-1,-1,-1
61,0,410,227,66,75,1,-1,-1,-1
62,0,410,227,67,75,1,-1,-1,-1
63,0,413,227,64,75,1,-1,-1,-1
64,0,413,228,66,76,1,-1,-1,-1
65,0,412,227,67,79,1,-1,-1,-1
66,0,412,227,67,78,1,-1,-1,-1
67,0,413,227,65,75,1,-1,-1,-1
68,0,413,227,67,79,1,-1,-1,-1
69,0,413,228,68,79,1,-1,-1,-1
70,0,413,229,69,77,1,-1,-1,-1
71,0,414,229,68,77,1,-1,-1,-1
72,0,414,229,68,77,1,-1,-1,-1
73,0,415,229,68,76,1,-1,-1,-1
74,0,416,230,67,75,1,-1,-1,-1
75,0,416,229,68,78,1,-1,-1,-1
76,0,417,228,68,79,1,-1,-1,-1
77,0,418,233,67,73,1,-1,-1,-1
78,0,420,233,65,74,1,-1,-1,-1
79,0,420,232,68,76,1,-1,-1,-1
80,0,421,232,67,76,1,-1,-1,-1
81,0,422,233,66,77,1,-1,-1,-1
82,0,423,234,65,76,1,-1,-1,-1
83,0,424,234,64,76,1,-1,-1,-1
84,0,425,234,64,75,1,-1,-1,-1
85,0,426,234,63,76,1,-1,-1,-1
86,0,427,235,63,74,1,-1,-1,-1
87,0,426,235,64,74,1,-1,-1,-1
88,1,778,162,40,47,1,-1,-1,-1
88,0,427,235,63,74,1,-1,-1,-1
89,1,777,162,40,46,1,-1,-1,-1
89,0,426,235,66,76,1,-1,-1,-1
90,1,777.5454545454545,162.0,39.54545454545462,45.54545454545453,1,-1,-1,-1
90,0,428,235,65,76,1,-1,-1,-1
91,1,778.090909090909,162.0,39.090909090909236,45.090909090909065,1,-1,-1,-1
91,0,429,235,65,76,1,-1,-1,-1
92,1,778.6363636363635,162.0,38.63636363636385,44.6363636363636,1,-1,-1,-1
92,0,429,235,65,77,1,-1,-1,-1
93,1,779.181818181818,162.0,38.18181818181847,44.18181818181813,1,-1,-1,-1
93,0,430,235,65,77,1,-1,-1,-1
94,1,779.7272727272725,162.0,37.72727272727309,43.72727272727266,1,-1,-1,-1
94,0,430,235,64,76,1,-1,-1,-1
95,1,780.272727272727,162.0,37.27272727272771,43.272727272727195,1,-1,-1,-1
95,0,430,235,65,76,1,-1,-1,-1
96,1,780.8181818181815,162.0,36.818181818182325,42.81818181818173,1,-1,-1,-1
96,0,431,236,64,76,1,-1,-1,-1
97,1,781.363636363636,162.0,36.36363636363694,42.36363636363626,1,-1,-1,-1
97,0,431,236,64,76,1,-1,-1,-1
98,1,781.9090909090905,162.0,35.90909090909156,41.90909090909079,1,-1,-1,-1
98,0,431,235,64,76,1,-1,-1,-1
99,1,782.454545454545,162.0,35.45454545454618,41.454545454545325,1,-1,-1,-1
99,0,431,235,64,76,1,-1,-1,-1
100,1,783,162,35,41,1,-1,-1,-1
100,0,432,235,63,76,1,-1,-1,-1
101,1,785,162,32,39,1,-1,-1,-1
101,0,432,236,63,75,1,-1,-1,-1
102,1,785,163,32,38,1,-1,-1,-1
102,0,432,236,63,75,1,-1,-1,-1
103,1,789,163,28,35,1,-1,-1,-1
103,0,432,235,63,76,1,-1,-1,-1
104,1,786,161,33,38,1,-1,-1,-1
104,0,431,236,64,76,1,-1,-1,-1
105,0,431,235,64,77,1,-1,-1,-1
106,0,431,235,64,76,1,-1,-1,-1
107,0,430,235,65,75,1,-1,-1,-1
108,0,431,235,64,76,1,-1,-1,-1
109,0,431,235,63,75,1,-1,-1,-1
110,0,432,236,61,72,1,-1,-1,-1
111,0,431,236,61,72,1,-1,-1,-1
112,0,431,235,63,74,1,-1,-1,-1
113,0,430,234,64,76,1,-1,-1,-1
114,0,428,234,65,76,1,-1,-1,-1
115,0,426,234,66,77,1,-1,-1,-1
116,0,427,234,64,77,1,-1,-1,-1
117,0,427,234,64,77,1,-1,-1,-1
118,0,426,234,65,77,1,-1,-1,-1
119,0,426,234,65,78,1,-1,-1,-1
120,0,426,234,64,77,1,-1,-1,-1
121,0,427,234,63,77,1,-1,-1,-1
122,0,426,234,64,76,1,-1,-1,-1
123,0,426,234,64,76,1,-1,-1,-1
124,0,426,234,64,77,1,-1,-1,-1
125,0,425,234,64,77,1,-1,-1,-1
126,0,425,234,64,76,1,-1,-1,-1
127,0,425,234,64,76,1,-1,-1,-1
128,0,425,234,65,77,1,-1,-1,-1
129,0,425,234,65,77,1,-1,-1,-1
130,0,425,234,65,77,1,-1,-1,-1
131,0,425,235,65,76,1,-1,-1,-1
132,0,425,235,65,76,1,-1,-1,-1
133,0,424,235,65,77,1,-1,-1,-1
134,0,424,235,65,77,1,-1,-1,-1
135,0,423,235,66,77,1,-1,-1,-1
136,0,423,235,66,77,1,-1,-1,-1
137,0,423,235,66,77,1,-1,-1,-1
138,0,423,235,66,77,1,-1,-1,-1
139,0,423,235,66,77,1,-1,-1,-1
140,2,768,172,45,50,1,-1,-1,-1
140,0,424,235,65,77,1,-1,-1,-1
141,2,766,172,47,50,1,-1,-1,-1
141,0,423,235,66,77,1,-1,-1,-1
142,2,764,173,49,51,1,-1,-1,-1
142,0,424,235,65,77,1,-1,-1,-1
143,2,764,173,49,51,1,-1,-1,-1
143,0,424,235,64,76,1,-1,-1,-1
144,2,764,172,49,53,1,-1,-1,-1
144,0,423,234,65,77,1,-1,-1,-1
145,2,764,173,49,52,1,-1,-1,-1
145,0,423,234,65,77,1,-1,-1,-1
146,2,764,172,49,52,1,-1,-1,-1
146,0,423,234,65,77,1,-1,-1,-1
147,2,764,173,49,52,1,-1,-1,-1
147,0,423,234,65,77,1,-1,-1,-1
148,2,764,171,49,54,1,-1,-1,-1
148,0,423,234,65,77,1,-1,-1,-1
149,2,764,169,50,56,1,-1,-1,-1
149,0,423,234,65,77,1,-1,-1,-1
150,2,765,169,49,53,1,-1,-1,-1
150,0,423,235,65,76,1,-1,-1,-1
151,2,766,170,47,51,1,-1,-1,-1
151,0,423,235,65,76,1,-1,-1,-1
152,2,765,169,48,52,1,-1,-1,-1
152,0,423,235,65,76,1,-1,-1,-1
153,2,767,169,46,52,1,-1,-1,-1
153,0,423,235,65,76,1,-1,-1,-1
154,2,767,169,47,53,1,-1,-1,-1
154,0,423,234,65,77,1,-1,-1,-1
155,2,767,170,47,52,1,-1,-1,-1
155,0,423,235,65,76,1,-1,-1,-1
156,2,767,169,47,53,1,-1,-1,-1
156,0,423,235,65,76,1,-1,-1,-1
157,2,767,169,48,53,1,-1,-1,-1
157,0,423,234,65,77,1,-1,-1,-1
158,2,769,169,47,52,1,-1,-1,-1
158,0,423,234,65,77,1,-1,-1,-1
159,2,769,170,47,51,1,-1,-1,-1
159,0,423,234,65,77,1,-1,-1,-1
160,2,769,170,47,50,1,-1,-1,-1
160,0,423,234,66,77,1,-1,-1,-1
161,2,770,169,47,52,1,-1,-1,-1
161,0,423,234,66,77,1,-1,-1,-1
162,2,770,169,47,53,1,-1,-1,-1
162,0,423,234,66,77,1,-1,-1,-1
163,2,770,169,47,52,1,-1,-1,-1
163,0,423,234,66,77,1,-1,-1,-1
164,2,772,169,44,51,1,-1,-1,-1
164,0,424,234,65,76,1,-1,-1,-1
165,2,771,168,46,52,1,-1,-1,-1
165,0,424,234,65,76,1,-1,-1,-1
166,2,770.972602739726,168.013698630137,45.972602739726085,51.97260273972603,1,-1,-1,-1
166,0,424,234,65,76,1,-1,-1,-1
167,2,770.9452054794519,168.02739726027397,45.94520547945217,51.945205479452056,1,-1,-1,-1
167,0,424,234,65,76,1,-1,-1,-1
168,2,770.9178082191779,168.04109589041096,45.917808219178255,51.917808219178085,1,-1,-1,-1
168,0,424,234,65,76,1,-1,-1,-1
169,2,770.8904109589039,168.05479452054794,45.89041095890434,51.89041095890411,1,-1,-1,-1
169,0,424,234,64,76,1,-1,-1,-1
170,2,770.8630136986299,168.06849315068493,45.863013698630425,51.86301369863014,1,-1,-1,-1
170,0,424,235,64,75,1,-1,-1,-1
171,2,770.8356164383558,168.08219178082192,45.83561643835651,51.83561643835617,1,-1,-1,-1
171,0,423,235,65,76,1,-1,-1,-1
172,2,770.8082191780818,168.0958904109589,45.808219178082595,51.8082191780822,1,-1,-1,-1
172,0,423,235,65,75,1,-1,-1,-1
173,2,770.7808219178078,168.1095890410959,45.78082191780868,51.780821917808225,1,-1,-1,-1
173,0,423,234,65,76,1,-1,-1,-1
174,2,770.7534246575337,168.12328767123287,45.753424657534765,51.753424657534254,1,-1,-1,-1
174,0,423,234,65,76,1,-1,-1,-1
175,2,770.7260273972597,168.13698630136986,45.72602739726085,51.72602739726028,1,-1,-1,-1
175,0,423,234,65,76,1,-1,-1,-1
176,2,770.6986301369857,168.15068493150685,45.698630136986935,51.69863013698631,1,-1,-1,-1
176,0,423,234,64,75,1,-1,-1,-1
177,2,770.6712328767117,168.16438356164383,45.67123287671302,51.67123287671234,1,-1,-1,-1
177,0,423,234,64,75,1,-1,-1,-1
178,2,770.6438356164376,168.17808219178082,45.643835616439105,51.643835616438366,1,-1,-1,-1
178,0,423,234,64,75,1,-1,-1,-1
179,2,770.6164383561636,168.1917808219178,45.61643835616519,51.616438356164394,1,-1,-1,-1
179,0,423,234,64,75,1,-1,-1,-1
180,2,770.5890410958896,168.2054794520548,45.589041095891275,51.58904109589042,1,-1,-1,-1
180,0,423,234,64,76,1,-1,-1,-1
181,2,770.5616438356155,168.21917808219177,45.56164383561736,51.56164383561645,1,-1,-1,-1
181,0,423,234,64,76,1,-1,-1,-1
182,2,770.5342465753415,168.23287671232876,45.534246575343445,51.53424657534248,1,-1,-1,-1
182,0,423,234,64,75,1,-1,-1,-1
183,2,770.5068493150675,168.24657534246575,45.50684931506953,51.50684931506851,1,-1,-1,-1
183,0,423,234,64,75,1,-1,-1,-1
184,2,770.4794520547935,168.26027397260273,45.479452054795615,51.479452054794535,1,-1,-1,-1
184,0,423,234,64,75,1,-1,-1,-1
185,2,770.4520547945194,168.27397260273972,45.4520547945217,51.45205479452056,1,-1,-1,-1
185,0,423,234,65,75,1,-1,-1,-1
186,2,770.4246575342454,168.2876712328767,45.424657534247785,51.42465753424659,1,-1,-1,-1
186,0,423,234,65,75,1,-1,-1,-1
187,2,770.3972602739714,168.3013698630137,45.39726027397387,51.39726027397262,1,-1,-1,-1
187,0,423,234,65,75,1,-1,-1,-1
188,2,770.3698630136973,168.31506849315068,45.369863013699955,51.36986301369865,1,-1,-1,-1
188,0,423,234,65,76,1,-1,-1,-1
189,2,770.3424657534233,168.32876712328766,45.34246575342604,51.342465753424676,1,-1,-1,-1
189,0,423,234,65,77,1,-1,-1,-1
190,2,770.3150684931493,168.34246575342465,45.315068493152125,51.315068493150704,1,-1,-1,-1
190,0,423,234,66,77,1,-1,-1,-1
191,2,770.2876712328753,168.35616438356163,45.28767123287821,51.28767123287673,1,-1,-1,-1
191,0,424,235,65,76,1,-1,-1,-1
192,2,770.2602739726012,168.36986301369862,45.260273972604296,51.26027397260276,1,-1,-1,-1
192,0,424,235,65,76,1,-1,-1,-1
193,2,770.2328767123272,168.3835616438356,45.23287671233038,51.23287671232879,1,-1,-1,-1
193,0,424,235,65,76,1,-1,-1,-1
194,2,770.2054794520532,168.3972602739726,45.205479452056466,51.20547945205482,1,-1,-1,-1
194,0,425,235,65,77,1,-1,-1,-1
195,2,770.1780821917791,168.41095890410958,45.17808219178255,51.178082191780845,1,-1,-1,-1
195,0,425,235,65,77,1,-1,-1,-1
196,2,770.1506849315051,168.42465753424656,45.150684931508636,51.15068493150687,1,-1,-1,-1
196,0,425,235,65,77,1,-1,-1,-1
197,2,770.1232876712311,168.43835616438355,45.12328767123472,51.1232876712329,1,-1,-1,-1
197,0,426,235,65,78,1,-1,-1,-1
198,2,770.095890410957,168.45205479452054,45.095890410960806,51.09589041095893,1,-1,-1,-1
198,0,426,235,65,78,1,-1,-1,-1
199,2,770.068493150683,168.46575342465752,45.06849315068689,51.06849315068496,1,-1,-1,-1
199,0,429,236,64,77,1,-1,-1,-1
200,2,770.041095890409,168.4794520547945,45.041095890412976,51.041095890410986,1,-1,-1,-1
200,0,429,236,64,77,1,-1,-1,-1
201,2,770.013698630135,168.4931506849315,45.01369863013906,51.013698630137014,1,-1,-1,-1
201,0,429,238,64,76,1,-1,-1,-1
202,2,769.9863013698609,168.50684931506848,44.986301369865146,50.98630136986304,1,-1,-1,-1
202,0,428,238,65,76,1,-1,-1,-1
203,2,769.9589041095869,168.52054794520546,44.95890410959123,50.95890410958907,1,-1,-1,-1
203,0,428,238,66,76,1,-1,-1,-1
204,2,769.9315068493129,168.53424657534245,44.931506849317316,50.9315068493151,1,-1,-1,-1
204,0,429,238,66,76,1,-1,-1,-1
205,2,769.9041095890389,168.54794520547944,44.9041095890434,50.90410958904113,1,-1,-1,-1
205,0,431,238,64,76,1,-1,-1,-1
206,2,769.8767123287648,168.56164383561642,44.876712328769486,50.876712328767155,1,-1,-1,-1
206,0,431,237,64,77,1,-1,-1,-1
207,2,769.8493150684908,168.5753424657534,44.84931506849557,50.84931506849318,1,-1,-1,-1
207,0,431,237,64,77,1,-1,-1,-1
208,2,769.8219178082168,168.5890410958904,44.821917808221656,50.82191780821921,1,-1,-1,-1
208,0,434,237,62,78,1,-1,-1,-1
209,2,769.7945205479427,168.60273972602738,44.79452054794774,50.79452054794524,1,-1,-1,-1
209,0,434,238,64,78,1,-1,-1,-1
210,2,769.7671232876687,168.61643835616437,44.767123287673826,50.76712328767127,1,-1,-1,-1
210,0,436,239,62,77,1,-1,-1,-1
211,2,769.7397260273947,168.63013698630135,44.73972602739991,50.739726027397296,1,-1,-1,-1
211,0,435,240,64,78,1,-1,-1,-1
212,2,769.7123287671207,168.64383561643834,44.712328767125996,50.712328767123324,1,-1,-1,-1
212,0,436,239,64,77,1,-1,-1,-1
213,2,769.6849315068466,168.65753424657532,44.68493150685208,50.68493150684935,1,-1,-1,-1
213,0,438,239,63,77,1,-1,-1,-1
214,2,769.6575342465726,168.6712328767123,44.657534246578166,50.65753424657538,1,-1,-1,-1
214,0,439,239,63,77,1,-1,-1,-1
215,2,769.6301369862986,168.6849315068493,44.63013698630425,50.63013698630141,1,-1,-1,-1
215,0,440,240,63,77,1,-1,-1,-1
216,2,769.6027397260245,168.69863013698628,44.602739726030336,50.60273972602744,1,-1,-1,-1
216,0,440,241,64,77,1,-1,-1,-1
217,2,769.5753424657505,168.71232876712327,44.57534246575642,50.575342465753465,1,-1,-1,-1
217,0,441,242,65,76,1,-1,-1,-1
218,2,769.5479452054765,168.72602739726025,44.547945205482506,50.54794520547949,1,-1,-1,-1
218,0,441,242,65,77,1,-1,-1,-1
219,2,769.5205479452025,168.73972602739724,44.52054794520859,50.52054794520552,1,-1,-1,-1
219,0,442,241,64,78,1,-1,-1,-1
220,2,769.4931506849284,168.75342465753423,44.493150684934676,50.49315068493155,1,-1,-1,-1
220,0,442,242,65,78,1,-1,-1,-1
221,2,769.4657534246544,168.7671232876712,44.46575342466076,50.46575342465758,1,-1,-1,-1
221,0,442,242,65,80,1,-1,-1,-1
222,2,769.4383561643804,168.7808219178082,44.438356164386846,50.438356164383606,1,-1,-1,-1
222,0,442,242,65,80,1,-1,-1,-1
223,2,769.4109589041063,168.79452054794518,44.41095890411293,50.410958904109634,1,-1,-1,-1
223,0,442,242,65,80,1,-1,-1,-1
224,2,769.3835616438323,168.80821917808217,44.383561643839016,50.38356164383566,1,-1,-1,-1
224,0,442,245,62,76,1,-1,-1,-1
225,2,769.3561643835583,168.82191780821915,44.3561643835651,50.35616438356169,1,-1,-1,-1
225,0,442,247,62,74,1,-1,-1,-1
226,2,769.3287671232843,168.83561643835614,44.328767123291186,50.32876712328772,1,-1,-1,-1
226,0,443,247,63,75,1,-1,-1,-1
227,2,769.3013698630102,168.84931506849313,44.30136986301727,50.30136986301375,1,-1,-1,-1
227,0,443,246,64,77,1,-1,-1,-1
228,2,769.2739726027362,168.8630136986301,44.273972602743356,50.273972602739775,1,-1,-1,-1
228,0,442,246,65,78,1,-1,-1,-1
229,2,769.2465753424622,168.8767123287671,44.24657534246944,50.2465753424658,1,-1,-1,-1
229,0,442,246,66,78,1,-1,-1,-1
230,2,769.2191780821881,168.89041095890408,44.219178082195526,50.21917808219183,1,-1,-1,-1
230,0,442,246,66,79,1,-1,-1,-1
231,2,769.1917808219141,168.90410958904107,44.19178082192161,50.19178082191786,1,-1,-1,-1
231,0,440,245,69,82,1,-1,-1,-1
232,2,769.1643835616401,168.91780821917806,44.164383561647696,50.16438356164389,1,-1,-1,-1
232,0,440,245,69,81,1,-1,-1,-1
233,2,769.136986301366,168.93150684931504,44.13698630137378,50.136986301369916,1,-1,-1,-1
233,0,442,246,66,77,1,-1,-1,-1
234,2,769.109589041092,168.94520547945203,44.109589041099866,50.109589041095944,1,-1,-1,-1
234,0,440,245,70,81,1,-1,-1,-1
235,2,769.082191780818,168.958904109589,44.08219178082595,50.08219178082197,1,-1,-1,-1
235,0,440,245,70,81,1,-1,-1,-1
236,2,769.054794520544,168.972602739726,44.054794520552036,50.054794520548,1,-1,-1,-1
236,0,440,245,69,81,1,-1,-1,-1
237,2,769.0273972602699,168.98630136986299,44.02739726027812,50.02739726027403,1,-1,-1,-1
237,0,440,245,69,81,1,-1,-1,-1
238,2,769,169,44,50,1,-1,-1,-1
238,0,440,247,68,79,1,-1,-1,-1
239,2,765,167,49,53,1,-1,-1,-1
239,0,440,246,67,79,1,-1,-1,-1
240,2,765,166,47,53,1,-1,-1,-1
240,0,439,247,65,74,1,-1,-1,-1
241,2,764.0,166.0,49.0,54.5,1,-1,-1,-1
241,0,438,246,65,77,1,-1,-1,-1
242,2,763.0,166.0,51.0,56.0,1,-1,-1,-1
242,0,436,247,65,76,1,-1,-1,-1
243,2,762.0,166.0,53.0,57.5,1,-1,-1,-1
243,0,436,246,64,78,1,-1,-1,-1
244,2,761,166,55,59,1,-1,-1,-1
244,0,435,246,64,77,1,-1,-1,-1
245,2,760,164,52,57,1,-1,-1,-1
245,0,434,245,63,77,1,-1,-1,-1
246,2,758,165,57,60,1,-1,-1,-1
246,0,433,244,63,79,1,-1,-1,-1
247,2,757,164,57,60,1,-1,-1,-1
247,0,432,244,63,78,1,-1,-1,-1
248,2,757,162,53,58,1,-1,-1,-1
248,0,431,243,64,79,1,-1,-1,-1
249,2,754,162,55,59,1,-1,-1,-1
249,0,431,242,63,80,1,-1,-1,-1
250,2,753,161,56,60,1,-1,-1,-1
250,0,430,242,64,80,1,-1,-1,-1
251,2,752,160,57,61,1,-1,-1,-1
251,0,430,242,64,80,1,-1,-1,-1
252,2,752,160,57,61,1,-1,-1,-1
252,0,429,242,65,81,1,-1,-1,-1
253,2,752,160,58,62,1,-1,-1,-1
253,0,430,242,64,80,1,-1,-1,-1
254,2,752,161,57,62,1,-1,-1,-1
254,0,429,242,64,80,1,-1,-1,-1
255,2,751,160,57,61,1,-1,-1,-1
255,0,429,242,64,80,1,-1,-1,-1
256,2,750,160,58,62,1,-1,-1,-1
256,0,429,242,65,80,1,-1,-1,-1
257,2,751,160,57,61,1,-1,-1,-1
257,0,429,242,65,81,1,-1,-1,-1
258,2,751,160,57,63,1,-1,-1,-1
258,0,429,243,66,80,1,-1,-1,-1
259,2,752,161,57,64,1,-1,-1,-1
259,0,430,244,66,80,1,-1,-1,-1
260,2,755,161,54,59,1,-1,-1,-1
260,0,431,246,66,78,1,-1,-1,-1
261,2,756,161,56,63,1,-1,-1,-1
261,0,431,246,69,81,1,-1,-1,-1
262,2,756,160,57,64,1,-1,-1,-1
262,0,432,246,69,81,1,-1,-1,-1
263,2,761,161,52,55,1,-1,-1,-1
263,0,433,247,70,82,1,-1,-1,-1
264,2,757,158,57,62,1,-1,-1,-1
264,0,434,248,68,82,1,-1,-1,-1
265,2,760.3333333333334,158.83333333333334,54.33333333333326,59.66666666666666,1,-1,-1,-1
265,0,436,250,68,80,1,-1,-1,-1
266,2,763.6666666666667,159.66666666666669,51.666666666666515,57.333333333333314,1,-1,-1,-1
266,0,436,251,69,80,1,-1,-1,-1
267,2,767.0000000000001,160.50000000000003,48.99999999999977,54.99999999999997,1,-1,-1,-1
267,0,436,251,69,80,1,-1,-1,-1
268,2,770.3333333333335,161.33333333333337,46.33333333333303,52.66666666666663,1,-1,-1,-1
268,0,437,251,71,82,1,-1,-1,-1
269,2,773.6666666666669,162.1666666666667,43.66666666666629,50.333333333333286,1,-1,-1,-1
269,0,438,251,70,82,1,-1,-1,-1
270,2,777,163,41,48,1,-1,-1,-1
270,0,438,252,70,81,1,-1,-1,-1
271,2,780,163,36,42,1,-1,-1,-1
271,0,438,251,71,82,1,-1,-1,-1
272,2,777,159,43,49,1,-1,-1,-1
272,0,438,252,71,81,1,-1,-1,-1
273,0,438,251,70,82,1,-1,-1,-1
274,0,437,252,72,82,1,-1,-1,-1
275,0,437,252,72,82,1,-1,-1,-1
276,0,437,251,73,83,1,-1,-1,-1
277,0,437,252,72,82,1,-1,-1,-1
278,0,437,252,72,81,1,-1,-1,-1
279,0,439,253,69,80,1,-1,-1,-1
280,0,439,255,69,77,1,-1,-1,-1
281,0,438,255,70,77,1,-1,-1,-1
282,0,438,255,70,78,1,-1,-1,-1
283,0,438,255,70,77,1,-1,-1,-1
284,0,438,253,71,80,1,-1,-1,-1
285,0,438,252,70,81,1,-1,-1,-1
286,0,438,252,69,80,1,-1,-1,-1
287,0,438,251,69,81,1,-1,-1,-1
288,0,436,251,71,81,1,-1,-1,-1
289,0,436,251,70,81,1,-1,-1,-1
290,0,436,252,70,79,1,-1,-1,-1
291,0,436,251,69,79,1,-1,-1,-1
292,0,435,248,70,82,1,-1,-1,-1
293,0,434,248,71,82,1,-1,-1,-1
294,0,435,248,70,82,1,-1,-1,-1
295,2,773.931506849315,168.86301369863014,42.46575342465758,58.90410958904113,1,-1,-1,-1
295,0,435.0,248.0,70.0,82.0,1,-1,-1,-1
296,2,772.2191780821918,169.11986301369865,43.407534246575324,59.503424657534254,1,-1,-1,-1
296,0,435,248,68,81,1,-1,-1,-1
297,2,770.5068493150685,169.37671232876716,44.34931506849307,60.10273972602738,1,-1,-1,-1
297,0,434,248,69,81,1,-1,-1,-1
298,2,768.7945205479452,169.63356164383566,45.291095890410816,60.70205479452051,1,-1,-1,-1
298,0,434,249,68,81,1,-1,-1,-1
299,2,767.082191780822,169.89041095890417,46.23287671232856,61.30136986301363,1,-1,-1,-1
299,0,434,250,68,80,1,-1,-1,-1
300,2,765.3698630136987,170.14726027397268,47.17465753424631,61.90068493150676,1,-1,-1,-1
300,0,433,249,69,81,1,-1,-1,-1
301,2,763.6575342465754,170.40410958904118,48.11643835616405,62.499999999999886,1,-1,-1,-1
301,0,433,248,69,82,1,-1,-1,-1
302,2,761.9452054794522,170.6609589041097,49.0582191780818,63.09931506849301,1,-1,-1,-1
302,0,432,249,69,81,1,-1,-1,-1
303,2,760.2328767123289,170.9178082191782,49.999999999999545,63.69863013698614,1,-1,-1,-1
303,0,428,249,72,79,1,-1,-1,-1
304,2,758.5205479452056,171.1746575342467,50.94178082191729,64.29794520547927,1,-1,-1,-1
304,0,428,248,71,81,1,-1,-1,-1
305,2,756.8082191780824,171.4315068493152,51.88356164383504,64.89726027397239,1,-1,-1,-1
305,0,428,249,71,81,1,-1,-1,-1
306,2,755.0958904109591,171.68835616438372,52.82534246575278,65.49657534246552,1,-1,-1,-1
306,0,426,247,73,83,1,-1,-1,-1
307,2,753.3835616438358,171.94520547945223,53.76712328767053,66.09589041095865,1,-1,-1,-1
307,0,425,249,73,78,1,-1,-1,-1
308,2,751.6712328767126,172.20205479452073,54.708904109588275,66.69520547945177,1,-1,-1,-1
308,0,426,248,70,78,1,-1,-1,-1
309,2,749.9589041095893,172.45890410958924,55.65068493150602,67.2945205479449,1,-1,-1,-1
309,0,426,248,70,79,1,-1,-1,-1
310,2,748.246575342466,172.71575342465775,56.59246575342377,67.89383561643803,1,-1,-1,-1
310,0,426,248,70,80,1,-1,-1,-1
311,2,746.5342465753425,172.97260273972603,57.53424657534242,68.49315068493149,1,-1,-1,-1
311,0,426.0,247.0,69.0,80.0,1,-1,-1,-1
312,2,751.6223091976517,174.34246575342465,54.79452054794524,68.10176125244618,1,-1,-1,-1
312,0,426,247,69,80,1,-1,-1,-1
313,2,756.7103718199609,175.71232876712327,52.05479452054806,67.71037181996087,1,-1,-1,-1
313,0,426,247,69,80,1,-1,-1,-1
314,2,761.79843444227,177.0821917808219,49.315068493150875,67.31898238747556,1,-1,-1,-1
314,0,426,249,68,80,1,-1,-1,-1
315,2,766.8864970645792,178.4520547945205,46.57534246575369,66.92759295499025,1,-1,-1,-1
315,0,426,247,70,81,1,-1,-1,-1
316,2,771.9745596868884,179.82191780821913,43.83561643835651,66.53620352250493,1,-1,-1,-1
316,0,426,247,70,82,1,-1,-1,-1
317,2,777.0626223091975,181.19178082191775,41.09589041095933,66.14481409001962,1,-1,-1,-1
317,0,426,247,69,81,1,-1,-1,-1
318,0,426.0,247.0,69.0,82.0,1,-1,-1,-1
319,0,425,248,69,82,1,-1,-1,-1
320,0,425,248,68,83,1,-1,-1,-1
321,0,422,247,70,85,1,-1,-1,-1
322,0,420,249,70,86,1,-1,-1,-1
323,0,419,249,70,85,1,-1,-1,-1
324,0,418,251,71,86,1,-1,-1,-1
325,0,418,254,70,85,1,-1,-1,-1
326,0,417,256,71,82,1,-1,-1,-1
327,0,417,256,71,82,1,-1,-1,-1
328,0,417,256,71,82,1,-1,-1,-1
329,0,414,259,72,81,1,-1,-1,-1
330,0,411,262,71,81,1,-1,-1,-1
331,0,408,263,74,82,1,-1,-1,-1
332,0,408,263,72,82,1,-1,-1,-1
333,0,406,266,73,79,1,-1,-1,-1
334,0,404,266,74,84,1,-1,-1,-1
335,0,404,267,74,81,1,-1,-1,-1
336,0,404,267,74,82,1,-1,-1,-1
337,0,404,268,73,79,1,-1,-1,-1
338,0,403,268,74,80,1,-1,-1,-1
339,0,403,269,75,86,1,-1,-1,-1
340,0,404,269,76,86,1,-1,-1,-1
341,0,405,270,75,85,1,-1,-1,-1
342,0,405,270,75,85,1,-1,-1,-1
343,0,407,272,76,84,1,-1,-1,-1
344,0,410,274,76,85,1,-1,-1,-1
345,0,412,276,75,83,1,-1,-1,-1
346,0,414,276,77,90,1,-1,-1,-1
347,0,420,278,73,88,1,-1,-1,-1
348,0,424,277,73,88,1,-1,-1,-1
349,0,427,279,73,81,1,-1,-1,-1
350,0,431,278,72,81,1,-1,-1,-1
351,0,434,280,72,79,1,-1,-1,-1
352,0,437,281,76,88,1,-1,-1,-1
353,0,439,281,75,88,1,-1,-1,-1
354,0,439,283,77,87,1,-1,-1,-1
355,0,441,285,73,82,1,-1,-1,-1
356,0,439,287,76,86,1,-1,-1,-1
357,0,439,287,76,86,1,-1,-1,-1
358,0,439,290,78,85,1,-1,-1,-1
359,0,437,292,79,87,1,-1,-1,-1
360,0,435,295,79,87,1,-1,-1,-1
361,0,434,298,78,89,1,-1,-1,-1
362,0,428,302,82,90,1,-1,-1,-1
363,0,426,305,77,82,1,-1,-1,-1
364,0,425,306,79,89,1,-1,-1,-1
365,0,423,306,80,94,1,-1,-1,-1
366,0,423,307,80,91,1,-1,-1,-1
367,0,422,310,81,89,1,-1,-1,-1
368,0,423,311,82,90,1,-1,-1,-1
369,0,426,314,81,89,1,-1,-1,-1
370,0,425,315,85,92,1,-1,-1,-1
371,0,429,317,87,94,1,-1,-1,-1
372,0,429,317,87,94,1,-1,-1,-1
373,0,428,317,88,94,1,-1,-1,-1
374,0,435,322,85,95,1,-1,-1,-1
375,0,445,323,85,95,1,-1,-1,-1
376,0,452,328,84,96,1,-1,-1,-1
377,0,455,326,88,99,1,-1,-1,-1
378,0,461,326,86,99,1,-1,-1,-1
379,0,468,328,88,98,1,-1,-1,-1
380,0,474,327,88,99,1,-1,-1,-1
381,0,475,327,91,100,1,-1,-1,-1
382,0,482,330,86,99,1,-1,-1,-1
383,0,488,331,85,97,1,-1,-1,-1
384,0,493,334,86,96,1,-1,-1,-1
385,0,497,339,82,95,1,-1,-1,-1
386,0,498,341,83,95,1,-1,-1,-1
387,0,498,340,83,96,1,-1,-1,-1
388,0,503,352,84,87,1,-1,-1,-1
389,0,505,348,83,90,1,-1,-1,-1
390,0,503,343,90,93,1,-1,-1,-1
391,0,505,349,91,90,1,-1,-1,-1
392,0,509,353,90,89,1,-1,-1,-1
393,0,512,355,88,89,1,-1,-1,-1
394,0,515,354,88,95,1,-1,-1,-1
395,0,512,354,93,88,1,-1,-1,-1
396,0,516,356,93,91,1,-1,-1,-1
397,0,517,356,93,94,1,-1,-1,-1
398,0,525,356,92,94,1,-1,-1,-1
399,0,532,361,90,94,1,-1,-1,-1
400,0,531,359,92,94,1,-1,-1,-1
401,0,534,362,93,97,1,-1,-1,-1
402,0,533,361,94,97,1,-1,-1,-1
403,0,533,361,94,97,1,-1,-1,-1
404,0,541,357,94,97,1,-1,-1,-1
405,0,552,349,99,99,1,-1,-1,-1
406,0,557,344,101,101,1,-1,-1,-1
407,0,564,344,98,98,1,-1,-1,-1
408,0,570,343,97,97,1,-1,-1,-1
409,0,574,338,98,101,1,-1,-1,-1
410,0,579,338,99,101,1,-1,-1,-1
411,0,583,338,99,100,1,-1,-1,-1
412,0,589,339,96,100,1,-1,-1,-1
413,0,595,338,91,98,1,-1,-1,-1
414,0,596,336,93,97,1,-1,-1,-1
415,0,596,336,97,96,1,-1,-1,-1
416,0,599,337,96,96,1,-1,-1,-1
417,0,599,336,96,97,1,-1,-1,-1
418,0,599,337,96,96,1,-1,-1,-1
419,0,629,346,77,87,1,-1,-1,-1
420,0,620,340,89,94,1,-1,-1,-1
421,0,624,345,86,91,1,-1,-1,-1
422,0,621,340,92,96,1,-1,-1,-1
423,0,627,340,90,94,1,-1,-1,-1
424,0,627,342,94,95,1,-1,-1,-1
425,0,626,341,94,96,1,-1,-1,-1
426,0,626,342,96,98,1,-1,-1,-1
427,0,636,342,88,96,1,-1,-1,-1
428,0,631,341,98,100,1,-1,-1,-1
429,0,646,347,82,93,1,-1,-1,-1
430,0,646,348,85,91,1,-1,-1,-1
431,0,647,354,84,89,1,-1,-1,-1
432,0,647,354,84,89,1,-1,-1,-1
433,0,647,355,85,88,1,-1,-1,-1
434,0,649,353,87,93,1,-1,-1,-1
435,0,651,354,87,92,1,-1,-1,-1
436,0,651.0,353.0,87.5,93.25,1,-1,-1,-1
437,0,651.0,352.0,88.0,94.5,1,-1,-1,-1
438,0,651.0,351.0,88.5,95.75,1,-1,-1,-1
439,0,651,350,89,97,1,-1,-1,-1
440,0,652,351,88,95,1,-1,-1,-1
441,0,652,351,88,92,1,-1,-1,-1
442,0,647,340,89,99,1,-1,-1,-1
443,0,653,349,83,89,1,-1,-1,-1
444,0,651,344,88,93,1,-1,-1,-1
445,0,647,336,87,92,1,-1,-1,-1
446,3,776.6712328767123,160.64383561643837,38.35616438356169,68.49315068493149,1,-1,-1,-1
446,0,643.0,337.0,94.0,96.0,1,-1,-1,-1
447,3,774.0593607305937,160.70319634703196,40.29680365296804,66.24429223744292,1,-1,-1,-1
447,0,643,336,94,97,1,-1,-1,-1
448,3,771.447488584475,160.76255707762556,42.237442922374385,63.99543378995435,1,-1,-1,-1
448,0,643,337,94,96,1,-1,-1,-1
449,3,768.8356164383563,160.82191780821915,44.17808219178073,61.746575342465775,1,-1,-1,-1
449,0,642,332,96,101,1,-1,-1,-1
450,3,766.2237442922376,160.88127853881275,46.11872146118708,59.4977168949772,1,-1,-1,-1
450,0,644,334,94,99,1,-1,-1,-1
451,3,763.6118721461189,160.94063926940635,48.059360730593426,57.24885844748863,1,-1,-1,-1
451,0,644,333,94,101,1,-1,-1,-1
452,3,761,161,50,55,1,-1,-1,-1
452,0,644,332,94,100,1,-1,-1,-1
453,3,761,162,50,54,1,-1,-1,-1
453,0,644,332,95,100,1,-1,-1,-1
454,3,761,161,50,55,1,-1,-1,-1
454,0,645,331,94,101,1,-1,-1,-1
455,3,761,161,50,54,1,-1,-1,-1
455,0,642,331,95,99,1,-1,-1,-1
456,3,762,160,51,57,1,-1,-1,-1
456,0,644,331,95,101,1,-1,-1,-1
457,3,764,160,50,55,1,-1,-1,-1
457,0,644,330,94,101,1,-1,-1,-1
458,3,766,160,48,54,1,-1,-1,-1
458,0,643,331,95,99,1,-1,-1,-1
459,3,762,158,52,58,1,-1,-1,-1
459,0,643,331,95,100,1,-1,-1,-1
460,3,764.5,158.0,50.5,55.75,1,-1,-1,-1
460,0,643,331,95,99,1,-1,-1,-1
461,3,767.0,158.0,49.0,53.5,1,-1,-1,-1
461,0,642,331,96,99,1,-1,-1,-1
462,3,769.5,158.0,47.5,51.25,1,-1,-1,-1
462,0,642,331,96,99,1,-1,-1,-1
463,3,772,158,46,49,1,-1,-1,-1
463,0,643,331,95,99,1,-1,-1,-1
464,3,773,159,45,51,1,-1,-1,-1
464,0,641,332,93,96,1,-1,-1,-1
465,3,777,158,40,47,1,-1,-1,-1
465,0,638,334,91,90,1,-1,-1,-1
466,3,775,156,43,49,1,-1,-1,-1
466,0,637,333,93,95,1,-1,-1,-1
467,3,777,157,41,47,1,-1,-1,-1
467,0,635,333,94,93,1,-1,-1,-1
468,3,777,156,41,48,1,-1,-1,-1
468,0,637,336,90,89,1,-1,-1,-1
469,3,777.5,156.3,40.39999999999998,47.599999999999994,1,-1,-1,-1
469,0,637,336,89,88,1,-1,-1,-1
470,3,778.0,156.60000000000002,39.799999999999955,47.19999999999999,1,-1,-1,-1
470,0,636,337,89,87,1,-1,-1,-1
471,3,778.5,156.90000000000003,39.19999999999993,46.79999999999998,1,-1,-1,-1
471,0,636,338,90,87,1,-1,-1,-1
472,3,779.0,157.20000000000005,38.59999999999991,46.39999999999998,1,-1,-1,-1
472,0,634,340,93,88,1,-1,-1,-1
473,3,779.5,157.50000000000006,37.999999999999886,45.99999999999997,1,-1,-1,-1
473,0,635,339,92,88,1,-1,-1,-1
474,3,780.0,157.80000000000007,37.399999999999864,45.599999999999966,1,-1,-1,-1
474,0,635,338,91,88,1,-1,-1,-1
475,3,780.5,158.10000000000008,36.79999999999984,45.19999999999996,1,-1,-1,-1
475,0,637,339,88,86,1,-1,-1,-1
476,3,781.0,158.4000000000001,36.19999999999982,44.799999999999955,1,-1,-1,-1
476,0,636,338,91,88,1,-1,-1,-1
477,3,781.5,158.7000000000001,35.599999999999795,44.39999999999995,1,-1,-1,-1
477,0,636,338,91,88,1,-1,-1,-1
478,3,782,159,35,44,1,-1,-1,-1
478,0,638,338,88,87,1,-1,-1,-1
479,3,782,158,35,45,1,-1,-1,-1
479,0,641,339,89,87,1,-1,-1,-1
480,3,782.6666666666666,159.0,34.0,43.0,1,-1,-1,-1
480,0,642,339,89,87,1,-1,-1,-1
481,3,783.3333333333333,160.0,33.0,41.0,1,-1,-1,-1
481,0,646,338,88,89,1,-1,-1,-1
482,3,784,161,32,39,1,-1,-1,-1
482,0,646,338,86,88,1,-1,-1,-1
483,3,784,160,32,40,1,-1,-1,-1
483,0,649,344,85,83,1,-1,-1,-1
484,3,783,160,34,41,1,-1,-1,-1
484,0,649,343,82,84,1,-1,-1,-1
485,3,783,160,34,41,1,-1,-1,-1
485,0,664,350,79,85,1,-1,-1,-1
486,3,783,160,34,43,1,-1,-1,-1
486,0,650,345,89,87,1,-1,-1,-1
487,3,783,160,34,42,1,-1,-1,-1
487,0,648,345,90,90,1,-1,-1,-1
488,3,782,160,35,42,1,-1,-1,-1
488,0,648,345,89,90,1,-1,-1,-1
489,3,782,160,35,42,1,-1,-1,-1
489,0,651,345,85,89,1,-1,-1,-1
490,3,782,160,35,41,1,-1,-1,-1
490,0,655,343,87,96,1,-1,-1,-1
491,3,782,160,36,43,1,-1,-1,-1
491,0,652,347,89,89,1,-1,-1,-1
492,3,782,160,36,43,1,-1,-1,-1
492,0,652,346,89,90,1,-1,-1,-1
493,3,782,160,35,42,1,-1,-1,-1
493,0,655,348,87,89,1,-1,-1,-1
494,3,781,159,36,44,1,-1,-1,-1
494,0,654,345,91,95,1,-1,-1,-1
495,3,781,159,36,45,1,-1,-1,-1
495,0,653,345,91,95,1,-1,-1,-1
496,3,782,160,36,43,1,-1,-1,-1
496,0,660,351,89,88,1,-1,-1,-1
497,3,782,160,36,43,1,-1,-1,-1
497,0,659,352,89,91,1,-1,-1,-1
498,3,782,160,36,43,1,-1,-1,-1
498,0,659,352,90,91,1,-1,-1,-1
499,3,783,160,34,42,1,-1,-1,-1
499,0,665,353,86,91,1,-1,-1,-1
500,3,782,159,35,44,1,-1,-1,-1
500,0,665,354,87,91,1,-1,-1,-1
501,3,783,161,35,41,1,-1,-1,-1
501,0,664,354,88,91,1,-1,-1,-1
502,3,783,161,34,40,1,-1,-1,-1
502,0,665,356,85,90,1,-1,-1,-1
503,3,782,160,35,43,1,-1,-1,-1
503,0,663,356,85,91,1,-1,-1,-1
504,3,782,160,35,42,1,-1,-1,-1
504,0,662,356,85,91,1,-1,-1,-1
505,3,782,160,35,42,1,-1,-1,-1
505,0,658,354,87,93,1,-1,-1,-1
506,3,783,160,33,41,1,-1,-1,-1
506,0,653,352,89,92,1,-1,-1,-1
507,3,783,160,33,41,1,-1,-1,-1
507,0,652,352,91,92,1,-1,-1,-1
508,3,782,160,34,41,1,-1,-1,-1
508,0,653,352,90,91,1,-1,-1,-1
509,3,783,160,33,40,1,-1,-1,-1
509,0,647,351,91,90,1,-1,-1,-1
510,3,784,161,32,39,1,-1,-1,-1
510,0,646,347,89,101,1,-1,-1,-1
511,3,784,161,32,39,1,-1,-1,-1
511,0,645,347,89,102,1,-1,-1,-1
512,3,783,160,34,40,1,-1,-1,-1
512,0,646,346,88,102,1,-1,-1,-1
513,3,783,160,34,41,1,-1,-1,-1
513,0,647,347,86,102,1,-1,-1,-1
514,3,783,160,34,41,1,-1,-1,-1
514,0,646,347,85,104,1,-1,-1,-1
515,3,783,160,34,41,1,-1,-1,-1
515,0,646,346,84,104,1,-1,-1,-1
516,3,783,160,34,41,1,-1,-1,-1
516,0,646,344,79,104,1,-1,-1,-1
517,3,782,160,35,41,1,-1,-1,-1
517,0,641,344,85,103,1,-1,-1,-1
518,3,783,160,34,40,1,-1,-1,-1
518,0,640,342,82,103,1,-1,-1,-1
519,3,783,160,34,41,1,-1,-1,-1
519,0,637,341,85,103,1,-1,-1,-1
520,3,783,160,33,39,1,-1,-1,-1
520,0,636,340,86,104,1,-1,-1,-1
521,3,784,160,33,39,1,-1,-1,-1
521,0,636,340,85,104,1,-1,-1,-1
522,3,784,160,33,39,1,-1,-1,-1
522,0,637,341,84,104,1,-1,-1,-1
523,3,783,160,34,40,1,-1,-1,-1
523,0,637,340,84,105,1,-1,-1,-1
524,3,783,160,34,41,1,-1,-1,-1
524,0,635,340,86,105,1,-1,-1,-1
525,3,783,160,35,41,1,-1,-1,-1
525,0,635,341,86,105,1,-1,-1,-1
526,3,783,160,34,40,1,-1,-1,-1
526,0,636,341,87,104,1,-1,-1,-1
527,3,783,160,34,40,1,-1,-1,-1
527,0,638,342,84,103,1,-1,-1,-1
528,3,783,160,34,41,1,-1,-1,-1
528,0,639,342,84,102,1,-1,-1,-1
529,3,783,160,35,42,1,-1,-1,-1
529,0,641,343,84,102,1,-1,-1,-1
530,3,782,160,36,42,1,-1,-1,-1
530,0,639,343,86,103,1,-1,-1,-1
531,3,782,160,36,42,1,-1,-1,-1
531,0,640,345,86,102,1,-1,-1,-1
532,3,782,160,36,42,1,-1,-1,-1
532,0,641,346,84,101,1,-1,-1,-1
533,3,783,160,35,41,1,-1,-1,-1
533,0,645,345,80,102,1,-1,-1,-1
534,3,783,160,35,41,1,-1,-1,-1
534,0,645,344,81,102,1,-1,-1,-1
535,3,782,160,36,42,1,-1,-1,-1
535,0,646,344,81,101,1,-1,-1,-1
536,3,782,160,35,41,1,-1,-1,-1
536,0,645,345,84,103,1,-1,-1,-1
537,3,782,160,35,41,1,-1,-1,-1
537,0,646,344,82,104,1,-1,-1,-1
538,3,783,160,34,41,1,-1,-1,-1
538,0,644,345,85,103,1,-1,-1,-1
539,3,783,160,34,41,1,-1,-1,-1
539,0,646,344,82,105,1,-1,-1,-1
540,3,783,160,34,40,1,-1,-1,-1
540,0,647,347,83,102,1,-1,-1,-1
541,3,784,161,32,39,1,-1,-1,-1
541,0,646,347,83,101,1,-1,-1,-1
542,3,784,161,32,38,1,-1,-1,-1
542,0,647,347,83,102,1,-1,-1,-1
543,3,784,161,32,39,1,-1,-1,-1
543,0,646,346,84,103,1,-1,-1,-1
544,3,784,161,32,38,1,-1,-1,-1
544,0,645,347,85,104,1,-1,-1,-1
545,3,783,161,33,39,1,-1,-1,-1
545,0,645,346,85,104,1,-1,-1,-1
546,3,783,161,33,39,1,-1,-1,-1
546,0,645,345,83,104,1,-1,-1,-1
547,3,783,161,33,39,1,-1,-1,-1
547,0,643,346,84,104,1,-1,-1,-1
548,3,783,161,33,40,1,-1,-1,-1
548,0,642,347,84,101,1,-1,-1,-1
549,3,784,161,32,38,1,-1,-1,-1
549,0,643,348,83,99,1,-1,-1,-1
550,3,784,161,32,38,1,-1,-1,-1
550,0,642,347,83,99,1,-1,-1,-1
551,3,783,161,33,39,1,-1,-1,-1
551,0,642,345,83,98,1,-1,-1,-1
552,3,783,161,33,39,1,-1,-1,-1
552,0,642,345,83,99,1,-1,-1,-1
553,3,783,161,33,39,1,-1,-1,-1
553,0,642,345,83,98,1,-1,-1,-1
554,3,784,161,31,38,1,-1,-1,-1
554,0,640,342,84,101,1,-1,-1,-1
555,3,785,160,30,37,1,-1,-1,-1
555,0,638,342,85,102,1,-1,-1,-1
556,3,785,160,30,37,1,-1,-1,-1
556,0,638,341,85,104,1,-1,-1,-1
557,3,784,160,31,37,1,-1,-1,-1
557,0,638,341,85,105,1,-1,-1,-1
558,3,786,160,29,36,1,-1,-1,-1
558,0,639,342,84,103,1,-1,-1,-1
559,3,786,159,29,37,1,-1,-1,-1
559,0,638,342,85,104,1,-1,-1,-1
560,3,786,159,29,36,1,-1,-1,-1
560,0,639,342,85,103,1,-1,-1,-1
561,3,786,159,30,37,1,-1,-1,-1
561,0,639,342,85,103,1,-1,-1,-1
562,3,785,159,31,38,1,-1,-1,-1
562,0,641,343,84,102,1,-1,-1,-1
563,3,785,159,31,38,1,-1,-1,-1
563,0,642,343,83,102,1,-1,-1,-1
564,3,784,159,33,40,1,-1,-1,-1
564,0,644,345,81,99,1,-1,-1,-1
565,3,785,158,32,40,1,-1,-1,-1
565,0,643,346,83,100,1,-1,-1,-1
566,3,785,158,32,40,1,-1,-1,-1
566,0,643,347,83,98,1,-1,-1,-1
567,3,785,158,32,40,1,-1,-1,-1
567,0,645,346,80,100,1,-1,-1,-1
568,3,785,158,32,40,1,-1,-1,-1
568,0,643,347,83,98,1,-1,-1,-1
569,3,785,158,31,39,1,-1,-1,-1
569,0,646,346,80,98,1,-1,-1,-1
570,3,785,159,31,38,1,-1,-1,-1
570,0,646,345,83,102,1,-1,-1,-1
571,3,784,159,32,39,1,-1,-1,-1
571,0,646,346,83,101,1,-1,-1,-1
572,3,783,159,34,41,1,-1,-1,-1
572,0,644,344,86,101,1,-1,-1,-1
573,3,783,159,33,39,1,-1,-1,-1
573,0,647,344,84,101,1,-1,-1,-1
574,3,783.0,158.66666666666666,33.33333333333337,40.0,1,-1,-1,-1
574,0,649,346,83,99,1,-1,-1,-1
575,3,783.0,158.33333333333331,33.66666666666674,41.0,1,-1,-1,-1
575,0,648,342,84,103,1,-1,-1,-1
576,3,783,158,34,42,1,-1,-1,-1
576,0,647,343,85,102,1,-1,-1,-1
577,3,783,158,34,42,1,-1,-1,-1
577,0,647,344,86,101,1,-1,-1,-1
578,3,782,158,35,43,1,-1,-1,-1
578,0,647,343,86,101,1,-1,-1,-1
579,3,782,159,34,42,1,-1,-1,-1
579,0,646,344,88,100,1,-1,-1,-1
580,3,782,159,35,42,1,-1,-1,-1
580,0,646,343,87,100,1,-1,-1,-1
581,3,782,158,34,43,1,-1,-1,-1
581,0,647,344,86,98,1,-1,-1,-1
582,3,781.75,158.25,34.25,42.75,1,-1,-1,-1
582,0,648,343,85,99,1,-1,-1,-1
583,3,781.5,158.5,34.5,42.5,1,-1,-1,-1
583,0,647,344,86,98,1,-1,-1,-1
584,3,781.25,158.75,34.75,42.25,1,-1,-1,-1
584,0,649,344,86,99,1,-1,-1,-1
585,3,781,159,35,42,1,-1,-1,-1
585,0,648,341,88,102,1,-1,-1,-1
586,3,780,159,36,43,1,-1,-1,-1
586,0,647,342,89,102,1,-1,-1,-1
587,3,780,159,36,43,1,-1,-1,-1
587,0,648,342,88,101,1,-1,-1,-1
588,3,781,159,34,42,1,-1,-1,-1
588,0,648,342,88,102,1,-1,-1,-1
589,3,781,159,34,42,1,-1,-1,-1
589,0,647,340,89,103,1,-1,-1,-1
590,3,781,159,34,41,1,-1,-1,-1
590,0,648,341,89,102,1,-1,-1,-1
591,3,781,160,34,40,1,-1,-1,-1
591,0,648,341,89,102,1,-1,-1,-1
592,3,781,160,34,40,1,-1,-1,-1
592,0,647,341,90,103,1,-1,-1,-1
593,3,781,159,34,41,1,-1,-1,-1
593,0,647,341,90,102,1,-1,-1,-1
594,3,780,159,34,40,1,-1,-1,-1
594,0,646,341,91,102,1,-1,-1,-1
595,3,780,159,36,43,1,-1,-1,-1
595,0,647,338,89,104,1,-1,-1,-1
596,3,780,159,34,41,1,-1,-1,-1
596,0,647,340,87,101,1,-1,-1,-1
597,3,779.8,158.8,34.30000000000007,41.5,1,-1,-1,-1
597,0,647,340,87,101,1,-1,-1,-1
598,3,779.5999999999999,158.60000000000002,34.600000000000136,42.0,1,-1,-1,-1
598,0,645,341,88,100,1,-1,-1,-1
599,3,779.3999999999999,158.40000000000003,34.900000000000205,42.5,1,-1,-1,-1
599,0,648,340,82,100,1,-1,-1,-1
600,3,779.1999999999998,158.20000000000005,35.20000000000027,43.0,1,-1,-1,-1
600,0,644,340,88,99,1,-1,-1,-1
601,3,778.9999999999998,158.00000000000006,35.50000000000034,43.5,1,-1,-1,-1
601,0,646,341,84,97,1,-1,-1,-1
602,3,778.7999999999997,157.80000000000007,35.80000000000041,44.0,1,-1,-1,-1
602,0,643,340,85,101,1,-1,-1,-1
603,3,778.5999999999997,157.60000000000008,36.10000000000048,44.5,1,-1,-1,-1
603,0,640,338,87,103,1,-1,-1,-1
604,3,778.3999999999996,157.4000000000001,36.400000000000546,45.0,1,-1,-1,-1
604,0,636,336,88,103,1,-1,-1,-1
605,3,778.1999999999996,157.2000000000001,36.700000000000614,45.5,1,-1,-1,-1
605,0,633,337,90,101,1,-1,-1,-1
606,3,778,157,37,46,1,-1,-1,-1
606,0,632,338,90,99,1,-1,-1,-1
607,3,778,158,36,44,1,-1,-1,-1
607,0,631,338,90,99,1,-1,-1,-1
608,3,780,159,36,42,1,-1,-1,-1
608,0,630,339,91,98,1,-1,-1,-1
609,3,780,159,36,43,1,-1,-1,-1
609,0,629,338,92,100,1,-1,-1,-1
610,3,781,159,35,42,1,-1,-1,-1
610,0,624,336,94,101,1,-1,-1,-1
611,3,782,159,35,41,1,-1,-1,-1
611,0,622,336,97,102,1,-1,-1,-1
612,3,782,158,35,42,1,-1,-1,-1
612,0,622,336,97,102,1,-1,-1,-1
613,3,781,158,36,42,1,-1,-1,-1
613,0,622,338,96,101,1,-1,-1,-1
614,3,781.6,158.4,35.60000000000002,41.79999999999998,1,-1,-1,-1
614,0,619,337,100,104,1,-1,-1,-1
615,3,782.2,158.8,35.200000000000045,41.599999999999966,1,-1,-1,-1
615,0,619,337,98,101,1,-1,-1,-1
616,3,782.8000000000001,159.20000000000002,34.80000000000007,41.39999999999995,1,-1,-1,-1
616,0,618,339,99,101,1,-1,-1,-1
617,3,783.4000000000001,159.60000000000002,34.40000000000009,41.19999999999993,1,-1,-1,-1
617,0,619,338,97,99,1,-1,-1,-1
618,3,784,160,34,41,1,-1,-1,-1
618,0,618,337,99,104,1,-1,-1,-1
619,3,784,160,34,40,1,-1,-1,-1
619,0,620,338,97,103,1,-1,-1,-1
620,3,785,161,33,39,1,-1,-1,-1
620,0,618,337,100,105,1,-1,-1,-1
621,3,785,160,33,42,1,-1,-1,-1
621,0,618,337,101,104,1,-1,-1,-1
622,3,786,160,32,41,1,-1,-1,-1
622,0,621,336,98,101,1,-1,-1,-1
623,3,787,161,31,38,1,-1,-1,-1
623,0,622,338,96,99,1,-1,-1,-1
624,3,787,161,31,40,1,-1,-1,-1
624,0,625,339,96,99,1,-1,-1,-1
625,3,786,160,32,40,1,-1,-1,-1
625,0,630,340,93,99,1,-1,-1,-1
626,0,630,339,93,100,1,-1,-1,-1
627,0,630,339,92,100,1,-1,-1,-1
628,0,630,339,92,100,1,-1,-1,-1
629,0,634,340,97,98,1,-1,-1,-1
630,0,639,342,93,97,1,-1,-1,-1
631,0,641,344,93,95,1,-1,-1,-1
632,0,644,348,95,96,1,-1,-1,-1
633,0,646,347,96,100,1,-1,-1,-1
634,0,650,345,94,100,1,-1,-1,-1
635,0,647,343,97,97,1,-1,-1,-1
636,0,650,343,95,100,1,-1,-1,-1
637,0,649,341,96,101,1,-1,-1,-1
638,0,649,342,96,101,1,-1,-1,-1
639,0,646,343,97,100,1,-1,-1,-1
640,0,646,340,97,104,1,-1,-1,-1
641,0,649,344,94,101,1,-1,-1,-1
642,0,650,344,93,101,1,-1,-1,-1
643,0,646,345,97,97,1,-1,-1,-1
644,0,640,340,98,97,1,-1,-1,-1
645,0,642,340,95,99,1,-1,-1,-1
646,0,641,339,95,97,1,-1,-1,-1
647,0,644,342,92,93,1,-1,-1,-1
648,0,642,338,93,95,1,-1,-1,-1
649,0,642,338,94,96,1,-1,-1,-1
650,0,642,336,95,96,1,-1,-1,-1
651,0,642,336,95,96,1,-1,-1,-1
652,0,641,335,97,96,1,-1,-1,-1
653,0,641,333,96,96,1,-1,-1,-1
654,0,641,334,97,96,1,-1,-1,-1
655,0,641,333,98,96,1,-1,-1,-1
656,0,642,333,98,97,1,-1,-1,-1
657,0,642,333,98,97,1,-1,-1,-1
658,0,641,332,99,98,1,-1,-1,-1
659,0,642,332,98,98,1,-1,-1,-1
660,0,641,331,98,98,1,-1,-1,-1
661,0,641,332,97,97,1,-1,-1,-1
662,0,642,332,97,97,1,-1,-1,-1
663,0,642,332,98,98,1,-1,-1,-1
664,0,641,332,98,98,1,-1,-1,-1
665,0,641,332,98,98,1,-1,-1,-1
666,0,641,332,98,97,1,-1,-1,-1
667,0,640,333,100,96,1,-1,-1,-1
668,0,640,332,99,98,1,-1,-1,-1
669,0,639,331,98,97,1,-1,-1,-1
670,0,639,332,97,96,1,-1,-1,-1
671,0,639,331,98,97,1,-1,-1,-1
672,0,640,331,97,97,1,-1,-1,-1
673,0,639,332,96,95,1,-1,-1,-1
674,0,638,332,96,95,1,-1,-1,-1
675,0,639,333,96,94,1,-1,-1,-1
676,0,645,346,91,82,1,-1,-1,-1
677,0,649,339,87,87,1,-1,-1,-1
678,0,642,336,93,91,1,-1,-1,-1
679,0,640,336,93,90,1,-1,-1,-1
680,0,649,338,85,89,1,-1,-1,-1
681,0,644,337,90,91,1,-1,-1,-1
682,0,640,335,92,93,1,-1,-1,-1
683,0,638,334,93,94,1,-1,-1,-1
684,0,636,334,95,94,1,-1,-1,-1
685,0,634,336,96,95,1,-1,-1,-1
686,0,635,336,96,96,1,-1,-1,-1
687,0,636,336,95,96,1,-1,-1,-1
688,0,633,335,97,96,1,-1,-1,-1
689,0,630,333,98,97,1,-1,-1,-1
690,0,628,333,99,96,1,-1,-1,-1
691,0,628,331,98,96,1,-1,-1,-1
692,0,628,330,98,97,1,-1,-1,-1
693,0,629,328,97,97,1,-1,-1,-1
694,0,631,330,96,92,1,-1,-1,-1
695,0,630,329,96,95,1,-1,-1,-1
696,0,633,329,95,95,1,-1,-1,-1
697,0,636,328,92,96,1,-1,-1,-1
698,0,637,329,90,94,1,-1,-1,-1
699,4,897.2191780821918,179.8219178082192,54.79452054794524,57.53424657534242,1,-1,-1,-1
699,0,636.0,326.0,90.0,95.0,1,-1,-1,-1
700,4,899.576063446287,179.9365537130498,54.5948089401586,57.137707281903346,1,-1,-1,-1
700,0,637,326,91,93,1,-1,-1,-1
701,4,901.9329488103822,180.05118961788037,54.39509733237196,56.74116798846427,1,-1,-1,-1
701,0,637,329,88,93,1,-1,-1,-1
702,4,904.2898341744774,180.16582552271095,54.19538572458532,56.34462869502519,1,-1,-1,-1
702,0,637,329,88,92,1,-1,-1,-1
703,4,906.6467195385726,180.28046142754152,53.99567411679868,55.94808940158612,1,-1,-1,-1
703,0,637,330,88,91,1,-1,-1,-1
704,4,909.0036049026678,180.3950973323721,53.79596250901204,55.55155010814704,1,-1,-1,-1
704,0,638,330,86,92,1,-1,-1,-1
705,4,911.360490266763,180.50973323720268,53.5962509012254,55.155010814707964,1,-1,-1,-1
705,0,637,331,88,92,1,-1,-1,-1
706,4,913.7173756308582,180.62436914203326,53.396539293438764,54.75847152126889,1,-1,-1,-1
706,0,639,329,87,96,1,-1,-1,-1
707,4,916.0742609949534,180.73900504686384,53.196827685652124,54.36193222782981,1,-1,-1,-1
707,0,634,328,89,96,1,-1,-1,-1
708,4,918.4311463590486,180.85364095169442,52.997116077865485,53.965392934390735,1,-1,-1,-1
708,0,628,329,90,96,1,-1,-1,-1
709,4,920.7880317231438,180.968276856525,52.797404470078845,53.56885364095166,1,-1,-1,-1
709,0,626,332,84,97,1,-1,-1,-1
710,4,923.144917087239,181.08291276135557,52.597692862292206,53.17231434751258,1,-1,-1,-1
710,0,621,332,90,97,1,-1,-1,-1
711,4,925.5018024513342,181.19754866618615,52.39798125450557,52.775775054073506,1,-1,-1,-1
711,0,618,332,89,98,1,-1,-1,-1
712,4,927.8586878154294,181.31218457101673,52.19826964671893,52.37923576063443,1,-1,-1,-1
712,0,613,336,90,103,1,-1,-1,-1
713,4,930.2155731795247,181.4268204758473,51.99855803893229,51.98269646719535,1,-1,-1,-1
713,0,609,338,89,101,1,-1,-1,-1
714,4,932.5724585436199,181.5414563806779,51.79884643114565,51.58615717375628,1,-1,-1,-1
714,0,602,341,91,99,1,-1,-1,-1
715,4,934.9293439077151,181.65609228550846,51.59913482335901,51.1896178803172,1,-1,-1,-1
715,0,596,344,91,99,1,-1,-1,-1
716,4,937.2862292718103,181.77072819033904,51.39942321557237,50.793078586878124,1,-1,-1,-1
716,0,592,346,92,102,1,-1,-1,-1
717,4,939.6431146359055,181.88536409516962,51.19971160778573,50.39653929343905,1,-1,-1,-1
717,0,592,346,92,102,1,-1,-1,-1
718,4,942,182,51,50,1,-1,-1,-1
718,0,584,345,92,103,1,-1,-1,-1
719,4,942,184,50,50,1,-1,-1,-1
719,0,581,345,91,104,1,-1,-1,-1
720,4,942,182,51,51,1,-1,-1,-1
720,0,573,345,92,105,1,-1,-1,-1
721,4,944.5,181.75,51.08333333333337,51.0,1,-1,-1,-1
721,0,570,349,83,98,1,-1,-1,-1
722,4,947.0,181.5,51.16666666666674,51.0,1,-1,-1,-1
722,0,564,349,86,99,1,-1,-1,-1
723,4,949.5,181.25,51.250000000000114,51.0,1,-1,-1,-1
723,0,561,348,92,103,1,-1,-1,-1
724,4,952.0,181.0,51.333333333333485,51.0,1,-1,-1,-1
724,0,560,349,85,96,1,-1,-1,-1
725,4,954.5,180.75,51.416666666666856,51.0,1,-1,-1,-1
725,0,558,350,88,100,1,-1,-1,-1
726,4,957.0,180.5,51.50000000000023,51.0,1,-1,-1,-1
726,0,558,351,86,101,1,-1,-1,-1
727,4,959.5,180.25,51.5833333333336,51.0,1,-1,-1,-1
727,0,559,354,84,99,1,-1,-1,-1
728,4,962.0,180.0,51.66666666666697,51.0,1,-1,-1,-1
728,0,559,353,84,101,1,-1,-1,-1
729,4,964.5,179.75,51.75000000000034,51.0,1,-1,-1,-1
729,0,559,356,85,102,1,-1,-1,-1
730,4,967.0,179.5,51.83333333333371,51.0,1,-1,-1,-1
730,0,556,362,84,96,1,-1,-1,-1
731,4,969.5,179.25,51.91666666666708,51.0,1,-1,-1,-1
731,0,556,379,79,82,1,-1,-1,-1
732,4,972,179,52,51,1,-1,-1,-1
732,0,556,378,80,82,1,-1,-1,-1
733,4,974,177,53,53,1,-1,-1,-1
733,0,542,368,84,98,1,-1,-1,-1
734,4,981.0,178.4,52.200000000000045,53.19999999999999,1,-1,-1,-1
734,0,538,374,88,94,1,-1,-1,-1
735,4,988.0,179.8,51.40000000000009,53.39999999999998,1,-1,-1,-1
735,0,532,383,80,86,1,-1,-1,-1
736,4,995.0,181.20000000000002,50.600000000000136,53.599999999999966,1,-1,-1,-1
736,0,518,376,85,99,1,-1,-1,-1
737,4,1002.0,182.60000000000002,49.80000000000018,53.799999999999955,1,-1,-1,-1
737,0,514,380,80,87,1,-1,-1,-1
738,4,1009,184,49,54,1,-1,-1,-1
738,0,505,383,83,96,1,-1,-1,-1
739,4,1016,183,50,51,1,-1,-1,-1
739,0,493,378,88,94,1,-1,-1,-1
740,4,1022,184,53,58,1,-1,-1,-1
740,0,486,380,86,92,1,-1,-1,-1
741,4,1027,186,53,55,1,-1,-1,-1
741,0,488,386,80,85,1,-1,-1,-1
742,4,1032,188,52,53,1,-1,-1,-1
742,0,481,383,82,89,1,-1,-1,-1
743,4,1035,186,54,57,1,-1,-1,-1
743,0,474,396,81,76,1,-1,-1,-1
744,4,1038,187,56,61,1,-1,-1,-1
744,0,469,400,80,83,1,-1,-1,-1
745,4,1043,186,54,58,1,-1,-1,-1
745,0,462,398,82,86,1,-1,-1,-1
746,4,1047,185,54,57,1,-1,-1,-1
746,0,454,384,86,108,1,-1,-1,-1
747,4,1048,184,54,57,1,-1,-1,-1
747,0,454,384,86,108,1,-1,-1,-1
748,4,1058,187,51,53,1,-1,-1,-1
748,0,445,387,87,110,1,-1,-1,-1
749,4,1062,187,50,54,1,-1,-1,-1
749,0,445,388,88,113,1,-1,-1,-1
750,4,1060,188,54,54,1,-1,-1,-1
750,0,444,394,87,115,1,-1,-1,-1
751,4,1068,187,51,55,1,-1,-1,-1
751,0,444,402,89,118,1,-1,-1,-1
752,4,1071.5882352941176,187.58823529411765,50.94117647058829,54.70588235294116,1,-1,-1,-1
752,0,444,405,92,117,1,-1,-1,-1
753,4,1075.1764705882351,188.1764705882353,50.88235294117658,54.41176470588232,1,-1,-1,-1
753,0,448,411,93,114,1,-1,-1,-1
754,4,1078.7647058823527,188.76470588235296,50.823529411764866,54.11764705882348,1,-1,-1,-1
754,0,448,415,96,116,1,-1,-1,-1
755,4,1082.3529411764703,189.3529411764706,50.764705882353155,53.82352941176464,1,-1,-1,-1
755,0,454,420,95,117,1,-1,-1,-1
756,4,1085.9411764705878,189.94117647058826,50.705882352941444,53.5294117647058,1,-1,-1,-1
756,0,457,422,102,123,1,-1,-1,-1
757,4,1089.5294117647054,190.5294117647059,50.64705882352973,53.23529411764696,1,-1,-1,-1
757,0,461,427,106,117,1,-1,-1,-1
758,4,1093.117647058823,191.11764705882356,50.58823529411802,52.94117647058812,1,-1,-1,-1
758,0,463,427,115,123,1,-1,-1,-1
759,4,1096.7058823529405,191.70588235294122,50.52941176470631,52.64705882352928,1,-1,-1,-1
759,0,480,433,104,127,1,-1,-1,-1
760,4,1100.294117647058,192.29411764705887,50.4705882352946,52.35294117647044,1,-1,-1,-1
760,0,485,438,111,127,1,-1,-1,-1
761,4,1103.8823529411757,192.88235294117652,50.41176470588289,52.0588235294116,1,-1,-1,-1
761,0,493,445,109,127,1,-1,-1,-1
762,4,1107.4705882352932,193.47058823529417,50.35294117647118,51.76470588235276,1,-1,-1,-1
762,0,494,446,108,127,1,-1,-1,-1
763,4,1111.0588235294108,194.05882352941182,50.294117647059466,51.47058823529392,1,-1,-1,-1
763,0,490,450,121,127,1,-1,-1,-1
764,4,1114.6470588235284,194.64705882352948,50.235294117647754,51.17647058823508,1,-1,-1,-1
764,0,517,457,108,130,1,-1,-1,-1
765,4,1118.235294117646,195.23529411764713,50.17647058823604,50.88235294117624,1,-1,-1,-1
765,0,521,467,111,141,1,-1,-1,-1
766,4,1121.8235294117635,195.82352941176478,50.11764705882433,50.588235294117396,1,-1,-1,-1
766,0,529,477,111,122,1,-1,-1,-1
767,4,1125.411764705881,196.41176470588243,50.05882352941262,50.294117647058556,1,-1,-1,-1
767,0,537,484,111,138,1,-1,-1,-1
768,4,1129,197,50,50,1,-1,-1,-1
768,0,539,493,120,133,1,-1,-1,-1
769,4,1135,196,48,53,1,-1,-1,-1
769,0,544,504,125,139,1,-1,-1,-1
770,4,1137,196,49,52,1,-1,-1,-1
770,0,543,508,135,146,1,-1,-1,-1
771,0,546,512,141,143,1,-1,-1,-1
772,0,551,518,144,141,1,-1,-1,-1
773,0,573,521,132,143,1,-1,-1,-1
774,0,577,529,142,142,1,-1,-1,-1
775,0,588,533,142,137,1,-1,-1,-1
776,0,597,533,143,132,1,-1,-1,-1
777,0,597,533,143,132,1,-1,-1,-1
778,0,596,533,144,132,1,-1,-1,-1
779,0,629,547,146,140,1,-1,-1,-1
780,0,652,553,143,132,1,-1,-1,-1
781,0,669,556,148,152,1,-1,-1,-1
782,0,686,562,144,139,1,-1,-1,-1
783,0,701,555,143,135,1,-1,-1,-1
784,0,717,554,148,135,1,-1,-1,-1
785,0,740,559,139,134,1,-1,-1,-1
786,0,766,566,130,129,1,-1,-1,-1
787,0,791,576,123,123,1,-1,-1,-1
788,0,799,578,137,126,1,-1,-1,-1
789,0,823,585,127,121,1,-1,-1,-1
790,0,840,588,133,128,1,-1,-1,-1
791,0,861,591,134,129,1,-1,-1,-1
792,0,861,591,134,128,1,-1,-1,-1
793,0,860,591,135,128,1,-1,-1,-1
794,0,914,609,125,142,1,-1,-1,-1
795,0,958,607,124,126,1,-1,-1,-1
796,0,980,608,122,125,1,-1,-1,-1
797,0,1003,607,120,125,1,-1,-1,-1
798,0,1024,609,113,114,1,-1,-1,-1
799,0,1041,607,111,122,1,-1,-1,-1
800,0,1061,603,112,130,1,-1,-1,-1
801,0,1077,608,117,126,1,-1,-1,-1
802,0,1095,604,117,134,1,-1,-1,-1
803,0,1105,605,116,145,1,-1,-1,-1
804,0,1125,603,112,130,1,-1,-1,-1
805,0,1144,603,103,126,1,-1,-1,-1
806,0,1157,600,106,121,1,-1,-1,-1
807,0,1157,600,106,122,1,-1,-1,-1
808,0,1178,599,110,127,1,-1,-1,-1
809,0,1186,580,105,123,1,-1,-1,-1
810,0,1213,582,103,116,1,-1,-1,-1
811,0,1229,582,102,122,1,-1,-1,-1
812,0,1245,588,99,115,1,-1,-1,-1
813,0,1262.972602739726,588.0410958904109,88.02739726027403,119.95890410958907,1,-1,-1,-1
814,0,1274,587,97,113,1,-1,-1,-1
815,0,1289,587,99,106,1,-1,-1,-1
816,0,1303,582,106,113,1,-1,-1,-1
817,0,1321,587,96,106,1,-1,-1,-1
818,0,1334,586,103,110,1,-1,-1,-1
819,0,1347,585,108,111,1,-1,-1,-1
820,0,1359,581,110,121,1,-1,-1,-1
821,0,1377,582,105,106,1,-1,-1,-1
822,0,1376,582,106,106,1,-1,-1,-1
823,0,1377,582,105,105,1,-1,-1,-1
824,0,1399,578,108,102,1,-1,-1,-1
825,0,1422,576,107,121,1,-1,-1,-1
826,0,1431,577,106,111,1,-1,-1,-1
827,0,1451,580,95,113,1,-1,-1,-1
828,0,1456,580,100,111,1,-1,-1,-1
829,0,1472,580,95,108,1,-1,-1,-1
830,0,1480,577,95,111,1,-1,-1,-1
831,0,1487.0,575.0,99.0,107.0,1,-1,-1,-1
832,0,1501.0,571.0,95.0,111.0,1,-1,-1,-1
833,0,1509.0,572.0,95.0,111.0,1,-1,-1,-1
834,0,1524.0,572.0,85.0,109.0,1,-1,-1,-1
835,0,1534.0,575.0,82.0,106.0,1,-1,-1,-1
836,0,1540.0,575.0,77.0,90.0,1,-1,-1,-1
837,0,1540.0,575.0,77.0,90.0,1,-1,-1,-1
838,0,1551.0,569.0,84.0,100.0,1,-1,-1,-1
862,5,968.4520547945206,241.46575342465752,63.013698630137014,71.23287671232879,1,-1,-1,-1
863,5,962.1735159817351,242.26484018264838,63.584474885844884,70.7762557077626,1,-1,-1,-1
864,5,955.8949771689497,243.06392694063925,64.15525114155264,70.31963470319641,1,-1,-1,-1
865,5,949.6164383561643,243.8630136986301,64.7260273972604,69.86301369863023,1,-1,-1,-1
866,5,943.3378995433789,244.66210045662098,65.29680365296815,69.40639269406404,1,-1,-1,-1
867,5,937.0593607305934,245.46118721461184,65.8675799086759,68.94977168949785,1,-1,-1,-1
868,5,930.780821917808,246.2602739726027,66.43835616438366,68.49315068493166,1,-1,-1,-1
869,5,924.5022831050226,247.05936073059357,67.00913242009142,68.03652968036548,1,-1,-1,-1
870,5,918.2237442922371,247.85844748858443,67.57990867579917,67.57990867579929,1,-1,-1,-1
871,5,911.9452054794517,248.6575342465753,68.15068493150693,67.1232876712331,1,-1,-1,-1
872,5,905.6666666666663,249.45662100456616,68.72146118721469,66.66666666666691,1,-1,-1,-1
873,5,899.3881278538809,250.25570776255702,69.29223744292244,66.21004566210073,1,-1,-1,-1
874,5,893.1095890410959,251.05479452054794,69.8630136986302,65.75342465753425,1,-1,-1,-1
