0,4,396.963623,739.410828,92.609070,104.585815,0.746139,-1,-1,-1
0,5,688.067932,389.274261,39.806946,43.365143,0.588889,-1,-1,-1
0,6,652.986450,622.719849,74.695801,81.755615,0.500000,-1,-1,-1
1,4,397.174927,738.211670,92.880615,105.208862,0.746139,-1,-1,-1
1,5,688.516052,389.550842,39.354797,43.489471,0.588889,-1,-1,-1
1,6,652.289612,626.285400,75.790588,79.219055,0.500000,-1,-1,-1
2,4,396.626862,739.289795,92.805695,105.103760,0.746139,-1,-1,-1
2,5,689.002502,390.405579,39.297241,43.419250,0.588889,-1,-1,-1
2,6,652.930054,625.508606,74.587280,80.278992,0.500000,-1,-1,-1
3,4,397.026764,739.720215,92.345947,104.266541,0.808067,-1,-1,-1
3,5,688.503662,390.395508,38.687439,42.320526,0.672332,-1,-1,-1
3,6,652.680420,627.067505,74.513977,78.313232,0.500000,-1,-1,-1
4,4,396.918335,739.821350,92.010712,104.087219,0.746139,-1,-1,-1
4,5,689.285095,389.812317,39.200256,42.583832,0.588889,-1,-1,-1
4,6,652.013733,627.871460,74.981995,76.768311,0.500000,-1,-1,-1
5,4,397.408875,739.883057,92.164185,103.424805,0.746139,-1,-1,-1
5,5,688.528687,390.376648,39.771179,43.402863,0.672332,-1,-1,-1
5,6,652.615967,627.571777,73.339783,77.174194,0.500000,-1,-1,-1
6,4,397.175415,740.467773,91.647034,102.380432,0.746139,-1,-1,-1
6,5,689.277222,389.803436,39.576721,43.026306,0.588889,-1,-1,-1
6,6,653.603882,627.103882,74.618469,78.319275,0.588889,-1,-1,-1
7,4,396.963623,740.606873,92.035461,102.244995,0.746139,-1,-1,-1
7,5,688.067749,389.550842,39.807129,43.958862,0.672332,-1,-1,-1
7,6,652.680420,627.626343,75.142639,79.829346,0.588889,-1,-1,-1
8,4,401.789856,741.527222,89.437256,103.658081,0.746139,-1,-1,-1
8,5,692.688110,391.338593,37.085815,41.300812,0.588889,-1,-1,-1
9,5,692.012390,390.433319,39.000427,43.886078,0.746139,-1,-1,-1
9,6,650.590698,619.864929,72.032349,79.194885,0.746139,-1,-1,-1
9,4,403.982544,743.738525,88.002075,103.396118,0.746139,-1,-1,-1
10,4,403.655884,742.771179,89.425812,105.866882,0.746139,-1,-1,-1
10,5,693.389893,391.678711,37.591797,44.068542,0.588889,-1,-1,-1
11,4,405.418640,746.644592,87.833344,103.483215,0.746139,-1,-1,-1
11,5,694.482788,391.687683,38.002869,43.793518,0.672332,-1,-1,-1
11,6,643.138977,620.549072,74.180237,78.387390,0.500000,-1,-1,-1
12,4,404.699707,746.457275,88.612366,104.796021,0.746139,-1,-1,-1
12,5,694.488831,391.686218,38.783997,43.782440,0.588889,-1,-1,-1
12,6,643.132629,607.707275,74.303345,89.084717,0.500000,-1,-1,-1
13,4,403.663391,745.460083,88.949097,103.883423,0.746139,-1,-1,-1
13,6,637.134644,621.968079,73.203125,75.608582,0.500000,-1,-1,-1
14,4,404.551025,745.816284,86.223206,103.506714,0.672332,-1,-1,-1
14,5,694.869629,390.433228,40.422791,44.680664,0.588889,-1,-1,-1
14,6,633.112793,615.537476,72.210388,86.740723,0.500000,-1,-1,-1
15,4,394.948517,744.004944,90.680267,105.287170,0.746139,-1,-1,-1
15,5,693.401917,391.364777,41.860962,49.321747,0.672332,-1,-1,-1
15,6,630.183716,630.831482,71.520630,77.279297,0.500000,-1,-1,-1
16,4,391.578552,741.350952,88.338074,104.959473,0.808067,-1,-1,-1
16,5,692.692078,392.682404,41.780029,47.355835,0.588889,-1,-1,-1
16,6,626.582764,623.625916,71.294312,81.739563,0.588889,-1,-1,-1
17,4,388.054199,746.128174,86.162323,102.152466,0.746139,-1,-1,-1
17,5,695.249451,389.024506,41.363098,50.927216,0.672332,-1,-1,-1
17,6,621.393921,612.519836,72.024902,96.566467,0.672332,-1,-1,-1
18,4,377.037262,742.562012,86.013275,105.594788,0.746139,-1,-1,-1
18,5,693.399414,391.029419,45.022461,54.100708,0.588889,-1,-1,-1
18,6,617.533020,625.722412,71.728943,85.621460,0.588889,-1,-1,-1
18,8,22.288345,617.920166,66.458260,76.846680,0.500000,-1,-1,-1
19,4,378.648438,743.383057,85.155762,105.785034,0.808067,-1,-1,-1
19,5,695.237793,391.019348,44.439148,51.830383,0.588889,-1,-1,-1
19,6,617.790894,621.316040,72.021729,87.406677,0.588889,-1,-1,-1
19,8,16.331478,617.476868,72.563461,89.034729,0.500000,-1,-1,-1
20,5,696.005920,388.541107,44.708191,52.117401,0.746139,-1,-1,-1
20,4,370.853882,736.974487,83.606995,107.496582,0.746139,-1,-1,-1
20,6,612.101318,615.929626,70.644775,94.762024,0.588889,-1,-1,-1
21,5,696.755432,388.429962,44.662598,51.501251,0.746139,-1,-1,-1
21,4,363.298767,738.461792,79.042206,107.614502,0.746139,-1,-1,-1
21,6,607.835327,627.758240,70.577332,96.254456,0.588889,-1,-1,-1
22,4,349.898895,740.752686,80.163788,104.734375,0.746139,-1,-1,-1
22,5,697.129211,387.916992,43.584900,48.233643,0.588889,-1,-1,-1
23,4,334.500275,739.013550,84.036102,105.290161,0.746139,-1,-1,-1
23,5,695.244629,388.969025,46.161499,51.669800,0.588889,-1,-1,-1
23,6,592.277954,635.179321,74.047607,92.574707,0.500000,-1,-1,-1
24,4,319.005219,733.187012,84.921326,111.066650,0.808067,-1,-1,-1
24,5,695.989258,389.521179,45.770264,54.448334,0.672332,-1,-1,-1
24,10,63.028824,628.209412,57.746193,67.928101,0.588889,-1,-1,-1
25,4,284.003418,731.479004,86.650146,111.134644,0.808067,-1,-1,-1
25,5,695.990479,389.552307,46.501221,56.310242,0.746139,-1,-1,-1
25,10,62.401119,627.718994,67.771362,76.819031,0.500000,-1,-1,-1
26,4,266.558655,726.748047,85.483490,113.981812,0.746139,-1,-1,-1
26,5,695.989258,390.412537,45.767090,54.329498,0.672332,-1,-1,-1
27,5,696.033447,391.020996,45.747253,52.949982,0.746139,-1,-1,-1
27,4,247.990173,731.138489,88.753845,106.883118,0.746139,-1,-1,-1
27,6,562.278198,634.123169,71.148315,83.791443,0.500000,-1,-1,-1
27,11,59.250732,628.902466,77.568756,99.763184,0.500000,-1,-1,-1
28,5,696.032410,390.411346,44.682617,52.426849,0.746139,-1,-1,-1
28,4,248.430298,732.798889,88.317322,105.463684,0.746139,-1,-1,-1
28,6,562.896973,634.107056,69.617249,83.645020,0.588889,-1,-1,-1
29,4,214.866074,727.531738,86.003922,107.388672,0.746139,-1,-1,-1
29,5,695.993896,389.238922,44.704651,51.376556,0.672332,-1,-1,-1
29,6,557.532104,635.969971,62.856567,71.495972,0.588889,-1,-1,-1
30,4,199.991150,728.584106,85.899658,100.289307,0.672332,-1,-1,-1
30,6,553.479492,639.938599,58.639771,73.335022,0.588889,-1,-1,-1
30,5,695.240845,387.239777,45.460022,51.047058,0.500000,-1,-1,-1
31,4,189.384552,728.778625,83.767670,100.081421,0.746139,-1,-1,-1
31,5,692.698425,389.804993,44.614685,50.185638,0.588889,-1,-1,-1
32,5,694.131165,390.427185,41.951599,48.614594,0.746139,-1,-1,-1
32,4,176.063477,722.081909,84.567993,103.224976,0.746139,-1,-1,-1
32,12,64.775414,625.761963,69.285164,84.472839,0.588889,-1,-1,-1
33,4,166.474960,721.574585,83.939316,104.497192,0.746139,-1,-1,-1
33,12,69.266296,629.242493,63.824722,87.458923,0.672332,-1,-1,-1
33,5,693.377502,390.403198,43.172974,48.620911,0.588889,-1,-1,-1
34,4,154.731628,717.993347,87.193237,109.961243,0.746139,-1,-1,-1
34,5,692.693726,392.694122,42.066895,47.997894,0.672332,-1,-1,-1
34,12,68.448898,624.598206,63.596390,76.926453,0.500000,-1,-1,-1
35,4,146.592163,719.378052,83.329498,107.844727,0.808067,-1,-1,-1
35,5,691.320068,392.703735,42.154419,48.688934,0.746139,-1,-1,-1
35,12,66.946823,626.401123,62.649475,81.641235,0.500000,-1,-1,-1
36,5,688.988464,392.357574,42.384460,49.395355,0.808067,-1,-1,-1
36,4,136.420868,723.235291,82.307892,104.733459,0.746139,-1,-1,-1
36,12,66.078072,629.875488,63.395927,83.656494,0.588889,-1,-1,-1
37,4,126.229362,720.028320,83.270607,107.159241,0.808067,-1,-1,-1
37,5,688.735901,391.688049,41.917480,46.674408,0.672332,-1,-1,-1
37,12,64.904999,623.937988,58.030136,61.658569,0.500000,-1,-1,-1
38,5,688.056763,390.438812,41.884888,48.573120,0.746139,-1,-1,-1
38,4,117.384689,724.670532,86.207321,108.873169,0.672332,-1,-1,-1
39,5,684.778076,392.352905,43.101990,48.315399,0.746139,-1,-1,-1
39,4,112.106438,733.686279,85.427376,109.552246,0.746139,-1,-1,-1
39,13,529.099609,680.014160,72.264709,94.120605,0.500000,-1,-1,-1
40,5,682.262878,392.681030,41.715637,47.217224,0.746139,-1,-1,-1
40,4,101.608406,729.696411,87.000526,113.282715,0.746139,-1,-1,-1
41,4,90.283058,727.571411,84.868584,112.484253,0.746139,-1,-1,-1
41,5,680.980591,395.251648,42.995972,49.885162,0.672332,-1,-1,-1
42,4,78.262100,730.634583,90.489502,119.761780,0.808067,-1,-1,-1
42,5,681.872375,395.237000,40.721130,47.153778,0.588889,-1,-1,-1
43,5,682.288696,396.741119,37.717773,45.317505,0.746139,-1,-1,-1
43,4,69.392372,736.250244,87.043022,118.505493,0.746139,-1,-1,-1
44,5,680.439209,394.121796,39.565002,47.228851,0.746139,-1,-1,-1
44,4,59.257233,745.567932,86.658813,116.106140,0.746139,-1,-1,-1
45,5,677.059326,396.743134,41.083313,46.489380,0.672332,-1,-1,-1
45,4,35.952461,751.972290,95.152840,128.781006,0.588889,-1,-1,-1
46,5,677.668457,394.129669,40.841675,47.992035,0.672332,-1,-1,-1
46,4,25.880390,762.105103,90.703110,127.325134,0.672332,-1,-1,-1
47,5,680.486450,395.993591,38.394165,45.401367,0.746139,-1,-1,-1
47,4,20.621067,761.318115,85.653046,122.919617,0.746139,-1,-1,-1
47,14,46.099503,613.978271,60.949417,75.612122,0.500000,-1,-1,-1
47,15,527.987732,679.828003,66.992859,78.762085,0.500000,-1,-1,-1
47,16,530.240051,707.322144,84.541077,114.114990,0.500000,-1,-1,-1
48,4,18.898582,760.614624,87.358894,122.845459,0.746139,-1,-1,-1
48,5,678.828430,395.245239,39.313904,46.139923,0.672332,-1,-1,-1
48,14,47.270973,613.792786,61.031288,76.692078,0.588889,-1,-1,-1
48,15,527.987671,679.517700,67.973572,82.978638,0.500000,-1,-1,-1
48,16,529.500854,704.572510,85.832642,116.858398,0.500000,-1,-1,-1
49,5,679.594910,395.992493,38.547424,46.480133,0.746139,-1,-1,-1
49,14,46.517147,614.920166,62.215458,75.904541,0.588889,-1,-1,-1
49,15,529.102051,682.317810,73.690979,94.824402,0.588889,-1,-1,-1
49,4,5.624554,767.575317,87.411148,115.147766,0.588889,-1,-1,-1
50,5,676.089722,397.484711,40.626038,44.631866,0.588889,-1,-1,-1
50,14,45.734726,609.418396,62.880051,77.497742,0.500000,-1,-1,-1
50,4,0.746673,775.675049,71.306213,110.433228,0.500000,-1,-1,-1
51,5,674.567200,399.611115,40.470032,47.060669,0.588889,-1,-1,-1
51,14,45.728050,609.432373,62.515587,78.980347,0.500000,-1,-1,-1
52,5,671.988770,398.325348,43.059326,48.062714,0.746139,-1,-1,-1
52,15,533.587463,680.010864,75.663086,96.463867,0.588889,-1,-1,-1
53,5,673.096619,393.389740,41.931763,49.092224,0.746139,-1,-1,-1
54,5,671.233398,394.121521,43.789001,49.106415,0.746139,-1,-1,-1
55,5,672.732910,396.014557,42.634033,47.274445,0.746139,-1,-1,-1
56,5,672.727417,395.987091,42.596924,48.739563,0.672332,-1,-1,-1
57,5,672.810730,395.991760,43.903076,48.015106,0.672332,-1,-1,-1
58,5,671.232544,397.109161,42.323120,48.753754,0.672332,-1,-1,-1
59,5,671.979614,397.112366,41.301453,48.375549,0.672332,-1,-1,-1
59,17,557.693970,638.551575,60.471558,74.876221,0.500000,-1,-1,-1
60,5,670.889465,398.245148,41.068665,46.925995,0.746139,-1,-1,-1
60,17,558.181519,635.235107,60.485107,70.248291,0.672332,-1,-1,-1
61,5,671.980042,395.989929,40.540100,47.992310,0.672332,-1,-1,-1
61,17,559.967102,634.101685,62.025452,69.483765,0.672332,-1,-1,-1
62,5,671.219177,397.113647,42.590698,46.851379,0.672332,-1,-1,-1
62,17,563.463013,630.981445,72.954773,84.519287,0.500000,-1,-1,-1
63,5,670.121521,396.741028,44.271179,49.510529,0.746139,-1,-1,-1
63,17,564.781799,630.402710,77.085449,84.277222,0.588889,-1,-1,-1
64,5,672.011230,397.511902,40.604614,47.264374,0.746139,-1,-1,-1
65,5,673.872314,398.608337,40.016235,46.943298,0.746139,-1,-1,-1
65,17,587.460815,630.691040,69.684631,84.709595,0.588889,-1,-1,-1
66,5,675.369202,398.578491,39.695251,46.187439,0.672332,-1,-1,-1
66,17,593.220276,624.317139,70.338440,80.706787,0.500000,-1,-1,-1
67,5,674.665894,398.577850,39.793457,46.169769,0.588889,-1,-1,-1
67,17,601.092834,629.014771,69.279846,79.912842,0.588889,-1,-1,-1
68,17,609.493469,619.624329,70.181580,83.854187,0.746139,-1,-1,-1
68,5,675.379822,398.577759,39.079590,46.576080,0.672332,-1,-1,-1
69,5,674.660034,397.483704,39.799377,47.635803,0.672332,-1,-1,-1
70,5,673.177063,397.482330,42.203430,46.512085,0.672332,-1,-1,-1
71,5,673.559570,396.736725,42.474731,46.505310,0.672332,-1,-1,-1
71,17,620.563904,609.917480,66.395203,78.104858,0.588889,-1,-1,-1
72,5,674.645691,397.483704,40.421387,47.656128,0.672332,-1,-1,-1
72,17,627.949646,609.079285,62.197510,72.747803,0.588889,-1,-1,-1
73,5,673.835510,398.569427,40.568481,46.890015,0.672332,-1,-1,-1
73,17,629.585205,614.052368,61.341064,71.905640,0.500000,-1,-1,-1
74,5,674.638245,397.851013,41.066345,46.173248,0.672332,-1,-1,-1
74,17,628.600037,613.367188,59.421326,69.396301,0.588889,-1,-1,-1
75,5,673.842163,396.726837,40.559448,47.248352,0.588889,-1,-1,-1
75,17,628.314209,609.309570,60.439331,75.626282,0.588889,-1,-1,-1
76,5,672.772522,396.738098,44.647766,49.901550,0.746139,-1,-1,-1
77,5,672.724426,395.981873,44.675964,51.488342,0.672332,-1,-1,-1
77,19,11.097553,732.986084,85.991241,99.428772,0.672332,-1,-1,-1
78,5,672.723816,395.982697,45.400696,50.733307,0.672332,-1,-1,-1
78,19,8.713938,734.525391,88.439629,101.063965,0.588889,-1,-1,-1
79,5,672.729858,397.843872,44.670288,50.281677,0.672332,-1,-1,-1
80,5,672.716736,395.973083,45.399231,49.906036,0.588889,-1,-1,-1
80,20,28.678047,725.515015,72.967079,96.099548,0.588889,-1,-1,-1
81,5,671.976807,395.222900,46.509827,50.641846,0.588889,-1,-1,-1
81,20,28.984192,727.182678,71.692825,96.390076,0.588889,-1,-1,-1
82,5,674.281372,395.239105,44.975098,49.513916,0.672332,-1,-1,-1
83,5,674.558960,393.369690,43.559692,49.483154,0.672332,-1,-1,-1
83,21,30.347713,723.943176,75.725449,100.751404,0.500000,-1,-1,-1
84,5,674.281372,394.868317,44.973572,49.123718,0.746139,-1,-1,-1
85,5,674.291260,395.990570,44.592285,48.763092,0.672332,-1,-1,-1
86,5,676.362854,396.742126,42.520691,48.021606,0.588889,-1,-1,-1
87,5,677.605286,399.334076,41.649231,45.822601,0.672332,-1,-1,-1
87,22,29.095608,726.530151,74.735031,98.128540,0.500000,-1,-1,-1
88,5,678.190552,396.766479,42.563477,45.404938,0.672332,-1,-1,-1
89,5,678.201294,396.764282,42.552124,43.982758,0.588889,-1,-1,-1
91,5,680.078430,395.988556,40.678528,45.742493,0.588889,-1,-1,-1
92,5,679.391724,395.982239,42.107666,45.412994,0.588889,-1,-1,-1
93,5,680.662598,396.731964,41.928772,44.652008,0.588889,-1,-1,-1
94,5,681.275818,395.986450,41.317627,45.390564,0.672332,-1,-1,-1
95,5,679.685852,395.208527,43.614197,48.014557,0.672332,-1,-1,-1
97,5,679.795227,397.823456,44.188110,46.161530,0.500000,-1,-1,-1
98,5,681.277466,397.092590,42.705872,45.010254,0.500000,-1,-1,-1
98,23,620.532837,594.873901,69.205322,98.540771,0.500000,-1,-1,-1
99,5,680.147949,397.464935,43.155762,45.763367,0.588889,-1,-1,-1
100,24,610.076904,603.607544,72.004639,95.180603,0.500000,-1,-1,-1
101,24,596.669556,625.668213,68.829407,80.399658,0.500000,-1,-1,-1
102,24,591.590942,634.820435,72.759521,79.811462,0.500000,-1,-1,-1
103,24,584.904175,638.010132,70.816284,89.282043,0.500000,-1,-1,-1
104,24,577.483643,638.388794,68.654236,92.469849,0.500000,-1,-1,-1
106,5,678.109009,403.616455,48.666199,61.964905,0.500000,-1,-1,-1
107,24,559.428955,621.244385,67.875061,90.060425,0.672332,-1,-1,-1
107,5,679.254333,400.508972,47.430359,62.047119,0.588889,-1,-1,-1
108,5,686.817505,397.111176,41.082642,44.971436,0.588889,-1,-1,-1
108,24,555.286194,628.211182,67.960449,97.687134,0.588889,-1,-1,-1
109,5,689.724731,397.854767,40.068542,43.870239,0.588889,-1,-1,-1
109,24,550.110352,626.596069,70.539001,90.890076,0.500000,-1,-1,-1
110,24,544.465759,625.001099,70.712585,93.473877,0.588889,-1,-1,-1
111,24,537.077820,623.528931,71.798218,100.530396,0.808067,-1,-1,-1
112,24,536.899414,623.567871,71.328918,102.964722,0.746139,-1,-1,-1
113,24,534.953613,627.935120,70.844971,97.713318,0.746139,-1,-1,-1
114,24,531.974976,629.703369,71.365845,93.169678,0.746139,-1,-1,-1
115,24,528.742371,627.256531,73.136169,93.657166,0.746139,-1,-1,-1
116,24,529.113892,629.799927,72.387817,92.293518,0.672332,-1,-1,-1
117,5,697.832520,395.988831,36.916748,43.020264,0.500000,-1,-1,-1
117,24,528.732422,634.534973,72.083374,89.147644,0.500000,-1,-1,-1
118,24,529.857300,632.924377,70.146301,92.629700,0.588889,-1,-1,-1
118,5,695.977356,393.394958,39.133789,44.392731,0.500000,-1,-1,-1
118,25,683.459351,429.659729,37.298950,43.322296,0.500000,-1,-1,-1
119,24,527.989990,627.225708,73.956543,96.154663,0.672332,-1,-1,-1
119,25,683.293701,425.725159,36.717957,45.590149,0.500000,-1,-1,-1
120,24,531.289368,629.109497,70.977905,92.382263,0.588889,-1,-1,-1
120,5,695.223694,394.120697,40.825867,45.533478,0.500000,-1,-1,-1
121,5,694.478760,394.127563,42.781250,48.007690,0.588889,-1,-1,-1
121,24,534.903503,633.886230,68.527649,91.800781,0.588889,-1,-1,-1
122,24,533.562500,622.906250,71.590393,93.946350,0.500000,-1,-1,-1
123,24,532.926331,614.976196,70.548401,97.187805,0.588889,-1,-1,-1
124,24,534.374756,615.026245,69.089966,95.919006,0.500000,-1,-1,-1
125,24,540.413879,618.163940,70.075806,96.549561,0.500000,-1,-1,-1
126,24,541.945923,619.313721,70.061096,106.864075,0.500000,-1,-1,-1
127,24,544.021118,624.071899,68.445251,98.485718,0.588889,-1,-1,-1
128,24,547.643982,617.221680,67.551086,91.566162,0.588889,-1,-1,-1
129,24,548.670044,633.207458,69.171936,89.578552,0.500000,-1,-1,-1
130,24,550.467957,608.585327,69.466492,88.834290,0.500000,-1,-1,-1
131,27,0.000000,739.601563,66.306480,110.730896,0.500000,-1,-1,-1
132,24,551.967834,636.575195,68.728027,89.689209,0.500000,-1,-1,-1
133,24,555.949341,639.535889,64.739868,87.246216,0.500000,-1,-1,-1
134,24,558.099854,642.406616,63.304199,80.116455,0.500000,-1,-1,-1
136,28,693.376038,395.245056,42.668640,46.888184,0.500000,-1,-1,-1
137,24,550.125916,619.663818,72.770569,105.459839,0.500000,-1,-1,-1
138,29,690.366760,394.133057,42.487366,47.628937,0.588889,-1,-1,-1
139,24,537.987366,637.476685,71.848022,91.912048,0.588889,-1,-1,-1
140,24,529.116028,634.081177,73.551086,103.003113,0.588889,-1,-1,-1
140,30,682.904114,396.734436,42.678040,49.082520,0.500000,-1,-1,-1
141,24,524.680176,631.729858,73.443604,87.590210,0.588889,-1,-1,-1
141,30,679.598633,395.226837,43.010742,48.740845,0.500000,-1,-1,-1
142,30,677.588623,392.014709,39.830933,49.353790,0.588889,-1,-1,-1
143,30,671.981445,395.272156,39.239258,48.786438,0.588889,-1,-1,-1
144,30,671.972473,393.399170,39.407715,49.056702,0.588889,-1,-1,-1
145,30,667.017700,394.500824,40.749939,49.493225,0.672332,-1,-1,-1
145,24,486.285583,631.510864,76.371399,95.850525,0.588889,-1,-1,-1
145,32,0.000000,745.109436,70.035812,119.290283,0.500000,-1,-1,-1
146,30,662.912415,389.560364,41.167847,47.924469,0.672332,-1,-1,-1
146,32,0.000000,745.439819,70.021652,116.239746,0.588889,-1,-1,-1
147,32,0.000000,745.990356,67.570305,116.100220,0.588889,-1,-1,-1
147,30,656.388306,391.994385,42.915283,48.592255,0.500000,-1,-1,-1
148,30,652.661499,390.365112,41.485291,49.674316,0.746139,-1,-1,-1
148,32,0.000000,750.683533,69.148026,110.091003,0.588889,-1,-1,-1
149,30,644.628967,389.575928,43.929077,52.930115,0.672332,-1,-1,-1
149,33,443.521301,666.837280,73.789734,105.257690,0.672332,-1,-1,-1
149,32,0.000000,749.954468,67.246155,110.492737,0.500000,-1,-1,-1
150,30,642.367920,387.675201,43.950317,51.320709,0.746139,-1,-1,-1
150,33,435.992340,674.041992,77.143158,120.719971,0.588889,-1,-1,-1
150,32,0.000000,747.736694,66.675476,110.155823,0.500000,-1,-1,-1
151,30,639.529419,387.677765,42.894531,48.627502,0.746139,-1,-1,-1
151,33,430.490967,666.440369,74.328705,113.503418,0.746139,-1,-1,-1
151,32,0.000000,748.959717,66.590500,109.036743,0.500000,-1,-1,-1
152,33,424.448364,666.012085,74.566681,112.955566,0.746139,-1,-1,-1
152,30,636.616943,387.258636,42.804993,47.874298,0.672332,-1,-1,-1
152,32,0.000000,748.740784,67.805656,106.968567,0.588889,-1,-1,-1
153,33,424.971863,665.657227,73.713318,114.042114,0.746139,-1,-1,-1
153,30,637.793579,387.666412,42.898987,48.637390,0.672332,-1,-1,-1
154,33,419.638916,665.701782,73.992615,110.838013,0.672332,-1,-1,-1
154,32,0.000000,747.895264,70.095764,107.412109,0.500000,-1,-1,-1
155,33,412.306732,664.168579,71.726227,102.352844,0.588889,-1,-1,-1
155,30,628.931335,388.678345,43.070679,49.955017,0.500000,-1,-1,-1
156,30,628.641602,385.409821,42.616333,45.654968,0.588889,-1,-1,-1
157,30,625.862915,384.308075,43.559448,47.174286,0.500000,-1,-1,-1
158,30,626.598633,382.860809,42.116333,46.066406,0.588889,-1,-1,-1
159,33,406.471497,672.010132,73.522583,103.826599,0.672332,-1,-1,-1
160,33,405.363770,675.542847,74.654358,103.975708,0.500000,-1,-1,-1
161,33,406.462708,673.143127,72.816895,104.040161,0.500000,-1,-1,-1
162,30,619.676392,385.436005,40.214661,44.359314,0.500000,-1,-1,-1
162,33,406.849670,671.537231,73.169678,96.554199,0.500000,-1,-1,-1
163,33,407.976196,669.447632,72.060974,94.175171,0.588889,-1,-1,-1
164,33,408.703003,664.361023,72.880737,100.266174,0.500000,-1,-1,-1
165,30,611.481445,385.190643,41.152466,42.773346,0.672332,-1,-1,-1
165,33,412.629456,675.139343,71.796204,96.403381,0.500000,-1,-1,-1
166,30,610.534241,385.610321,41.772644,43.574615,0.588889,-1,-1,-1
166,33,414.132751,670.501587,72.121124,97.747986,0.588889,-1,-1,-1
167,30,608.786987,385.039398,41.806763,43.175537,0.672332,-1,-1,-1
167,33,419.356873,670.633911,70.716492,94.881348,0.500000,-1,-1,-1
168,30,607.952393,385.546692,40.805847,45.610565,0.672332,-1,-1,-1
168,33,422.275543,674.101135,73.264343,95.396851,0.672332,-1,-1,-1
169,30,606.441162,384.778381,42.688354,46.575165,0.746139,-1,-1,-1
170,30,606.952637,384.238403,41.805664,46.679443,0.746139,-1,-1,-1
170,33,426.357300,678.227234,78.754425,99.403259,0.588889,-1,-1,-1
171,30,606.384888,383.024231,41.616577,48.435059,0.672332,-1,-1,-1
171,33,431.220154,681.565430,79.839722,97.214722,0.500000,-1,-1,-1
172,30,604.615906,384.696716,42.629639,50.034393,0.500000,-1,-1,-1
173,30,605.612122,386.679474,41.649841,47.062592,0.500000,-1,-1,-1
175,30,605.667603,386.313354,41.589966,44.264557,0.588889,-1,-1,-1
175,33,461.058197,662.548096,74.982330,78.609741,0.588889,-1,-1,-1
176,33,475.121063,660.643982,77.998688,78.876343,0.588889,-1,-1,-1
178,30,608.138123,384.615509,41.362732,43.734192,0.588889,-1,-1,-1
179,33,499.546448,632.712769,69.888855,87.899658,0.500000,-1,-1,-1
180,33,507.276947,636.053589,66.172028,76.594971,0.672332,-1,-1,-1
180,30,609.510498,382.937164,43.438538,46.872711,0.588889,-1,-1,-1
182,33,525.739441,634.433350,66.331299,74.519531,0.588889,-1,-1,-1
183,33,525.389526,633.699280,68.541443,75.358582,0.588889,-1,-1,-1
183,30,609.632690,384.112061,42.343018,46.215088,0.500000,-1,-1,-1
184,30,610.086792,384.791931,41.207886,44.653564,0.500000,-1,-1,-1
184,33,540.500305,626.971802,69.939941,78.004944,0.500000,-1,-1,-1
186,33,551.960327,625.228821,79.086365,95.701538,0.500000,-1,-1,-1
187,30,611.722473,385.286682,43.444885,46.356354,0.588889,-1,-1,-1
188,30,611.210815,385.336670,43.958313,46.973511,0.588889,-1,-1,-1
188,33,562.810852,617.222656,78.821716,90.669128,0.500000,-1,-1,-1
189,30,607.387451,384.924774,46.214722,53.718842,0.500000,-1,-1,-1
189,33,562.690918,610.255615,77.685486,93.138367,0.500000,-1,-1,-1
190,33,567.466431,612.807861,78.291138,93.000916,0.500000,-1,-1,-1
193,30,608.459351,386.244232,42.132935,45.551605,0.588889,-1,-1,-1
194,33,585.475220,612.708435,82.953674,92.670471,0.588889,-1,-1,-1
195,35,47.260910,607.534058,63.221725,83.061768,0.500000,-1,-1,-1
195,33,586.222412,611.795288,83.093872,94.485168,0.500000,-1,-1,-1
196,33,586.370972,611.802979,83.706421,94.428772,0.588889,-1,-1,-1
196,35,48.737274,608.646240,60.314644,78.964966,0.500000,-1,-1,-1
197,33,594.026062,606.136414,76.382202,94.749939,0.672332,-1,-1,-1
197,35,49.139900,610.508423,61.592690,80.475830,0.588889,-1,-1,-1
198,33,594.701538,606.901428,78.026978,94.327087,0.672332,-1,-1,-1
198,35,51.266411,610.189453,59.118286,75.160034,0.588889,-1,-1,-1
199,33,594.187622,606.255615,79.018066,94.747375,0.672332,-1,-1,-1
199,35,53.022133,611.654114,56.983299,75.640076,0.588889,-1,-1,-1
199,30,604.611755,390.418579,44.130737,50.965210,0.500000,-1,-1,-1
200,33,597.979126,610.497986,72.544006,93.124207,0.500000,-1,-1,-1
201,33,591.326538,605.867676,82.263000,102.100830,0.672332,-1,-1,-1
201,35,50.600521,610.069702,60.405140,75.419800,0.588889,-1,-1,-1
201,30,606.964111,391.679352,44.334900,47.949829,0.500000,-1,-1,-1
202,35,51.300697,607.577026,60.561790,75.550842,0.672332,-1,-1,-1
202,33,594.258606,606.046692,77.015198,100.408813,0.672332,-1,-1,-1
203,33,593.241882,607.840698,78.727295,97.542358,0.746139,-1,-1,-1
203,35,46.123276,608.638062,63.746643,73.534424,0.500000,-1,-1,-1
204,33,591.175415,608.545166,80.760010,95.380371,0.746139,-1,-1,-1
204,30,607.203491,392.016541,44.098755,49.367157,0.588889,-1,-1,-1
204,35,46.107315,607.589905,61.907860,76.245300,0.500000,-1,-1,-1
205,33,592.056702,608.118652,81.811584,95.667603,0.746139,-1,-1,-1
205,30,605.528564,390.404755,45.053345,52.163635,0.500000,-1,-1,-1
205,35,44.680748,604.266846,62.099815,73.777649,0.500000,-1,-1,-1
206,33,593.513916,612.100525,78.463501,95.137207,0.672332,-1,-1,-1
206,30,608.913635,394.130493,43.068420,47.965485,0.588889,-1,-1,-1
207,33,592.329590,605.696899,78.927551,101.147949,0.746139,-1,-1,-1
207,30,611.199707,393.387726,40.104736,46.667999,0.672332,-1,-1,-1
208,30,611.290344,395.228485,40.011414,45.500336,0.672332,-1,-1,-1
208,33,590.848694,612.077026,80.383911,96.239563,0.672332,-1,-1,-1
209,33,591.657837,614.783569,78.387512,92.222351,0.746139,-1,-1,-1
209,30,610.253357,395.238831,41.050476,46.932678,0.672332,-1,-1,-1
210,30,610.807617,393.403748,41.504456,46.571686,0.588889,-1,-1,-1
211,30,611.900330,391.030609,41.656982,47.335602,0.588889,-1,-1,-1
212,30,610.898254,389.024780,44.036926,49.960236,0.672332,-1,-1,-1
213,30,612.290771,389.815979,42.115845,47.653564,0.500000,-1,-1,-1
213,33,583.419678,623.070435,79.432007,91.401489,0.500000,-1,-1,-1
214,30,613.145752,389.306763,40.409912,46.616821,0.672332,-1,-1,-1
215,30,613.440125,389.052704,41.728943,48.462067,0.746139,-1,-1,-1
216,30,618.367981,388.100647,37.907898,45.085144,0.672332,-1,-1,-1
217,30,618.391235,386.769287,40.247986,45.402740,0.672332,-1,-1,-1
218,30,618.391357,387.087799,39.505798,43.630371,0.672332,-1,-1,-1
219,30,614.987061,387.684357,42.795837,48.727203,0.588889,-1,-1,-1
219,33,557.639954,638.401245,70.435120,74.092651,0.500000,-1,-1,-1
220,33,551.218018,635.790405,72.832642,83.294617,0.588889,-1,-1,-1
220,30,615.656250,387.259003,42.906433,49.228821,0.500000,-1,-1,-1
221,33,542.762085,641.664673,73.178101,82.718689,0.672332,-1,-1,-1
221,30,617.052734,386.450592,42.221741,47.130432,0.588889,-1,-1,-1
222,33,542.647583,645.401001,72.394409,79.389954,0.672332,-1,-1,-1
222,30,617.047791,386.751251,41.955994,47.629028,0.588889,-1,-1,-1
223,33,539.707520,621.224854,70.059937,92.289429,0.588889,-1,-1,-1
224,33,539.517517,622.009277,70.696411,91.518188,0.672332,-1,-1,-1
226,30,617.845459,385.825836,43.167358,48.537140,0.500000,-1,-1,-1
229,30,617.560303,384.618896,43.843262,49.631744,0.500000,-1,-1,-1
230,30,616.989136,384.890350,44.073425,51.967896,0.500000,-1,-1,-1
231,30,618.389404,385.230377,41.047974,48.117371,0.500000,-1,-1,-1
231,39,437.663086,666.952271,74.514038,112.452515,0.500000,-1,-1,-1
232,39,438.494843,669.252319,76.033844,117.606201,0.500000,-1,-1,-1
233,39,429.380859,675.833618,74.755127,109.478027,0.588889,-1,-1,-1
234,39,409.858704,673.891296,75.814545,106.006042,0.500000,-1,-1,-1
235,39,402.367218,676.496338,78.823059,117.873901,0.588889,-1,-1,-1
236,39,392.675079,678.193726,83.972870,114.511230,0.588889,-1,-1,-1
236,30,610.795471,388.555664,45.059937,51.316223,0.500000,-1,-1,-1
237,39,393.206665,675.586487,82.792419,116.257263,0.588889,-1,-1,-1
237,30,611.557129,388.089020,43.848694,49.445435,0.500000,-1,-1,-1
238,39,385.859711,672.644653,78.689362,110.050659,0.672332,-1,-1,-1
241,30,609.020386,389.294586,41.571533,48.363556,0.588889,-1,-1,-1
242,30,608.752441,392.700073,40.750610,47.209167,0.588889,-1,-1,-1
242,39,358.836090,686.256042,75.941010,107.302368,0.500000,-1,-1,-1
243,30,606.903687,393.382050,41.080383,49.772369,0.500000,-1,-1,-1
243,39,354.251190,690.839233,77.903717,114.696045,0.500000,-1,-1,-1
244,30,607.436035,395.243408,39.821899,45.340485,0.588889,-1,-1,-1
244,39,352.357178,697.843506,78.893127,109.882202,0.500000,-1,-1,-1
245,30,608.522400,395.994415,38.734741,45.318237,0.588889,-1,-1,-1
245,39,349.723541,698.822510,77.497864,107.790283,0.588889,-1,-1,-1
246,30,608.076294,395.994415,38.068909,46.072815,0.588889,-1,-1,-1
246,39,348.905090,701.034058,76.731079,106.327637,0.588889,-1,-1,-1
247,30,608.143860,396.743042,39.116638,45.732880,0.672332,-1,-1,-1
247,39,345.801208,696.017395,77.336243,104.146729,0.672332,-1,-1,-1
248,30,609.076416,396.744965,38.930908,45.350647,0.672332,-1,-1,-1
248,39,346.167023,698.079163,77.522369,101.273376,0.672332,-1,-1,-1
249,30,608.122375,395.996429,39.884949,45.352020,0.672332,-1,-1,-1
249,39,345.930328,700.754883,75.980316,97.301880,0.588889,-1,-1,-1
250,30,608.202515,395.245880,39.054688,43.081238,0.672332,-1,-1,-1
250,39,345.550171,701.792542,76.703033,95.715515,0.588889,-1,-1,-1
251,39,346.447876,701.300537,76.557709,95.693298,0.588889,-1,-1,-1
251,30,605.533386,394.482880,40.947327,46.875000,0.500000,-1,-1,-1
252,39,347.007141,696.879822,73.689697,96.648560,0.588889,-1,-1,-1
252,30,607.643066,393.408783,38.875122,44.864410,0.500000,-1,-1,-1
253,39,348.110260,695.410278,73.186554,97.159180,0.588889,-1,-1,-1
254,30,608.515991,392.703827,37.266724,40.179016,0.588889,-1,-1,-1
254,39,349.041626,699.180420,73.570465,99.422363,0.588889,-1,-1,-1
255,30,608.022034,391.679626,37.763855,42.761169,0.588889,-1,-1,-1
255,39,349.156738,694.303162,72.450470,94.278442,0.588889,-1,-1,-1
256,39,349.252838,695.335449,74.272003,99.063049,0.588889,-1,-1,-1
257,39,352.234406,690.320679,70.400848,93.599854,0.500000,-1,-1,-1
258,39,351.309937,686.921448,73.479553,97.495667,0.500000,-1,-1,-1
259,30,605.668762,391.326691,40.487305,45.364929,0.500000,-1,-1,-1
260,30,606.825623,390.406586,39.328308,43.809174,0.588889,-1,-1,-1
261,30,606.763916,389.013062,39.386902,42.996826,0.672332,-1,-1,-1
262,39,358.462555,693.170410,74.367737,101.267273,0.500000,-1,-1,-1
263,30,605.612793,388.517029,43.529663,49.017975,0.588889,-1,-1,-1
264,30,603.957031,386.644043,44.038513,49.831512,0.588889,-1,-1,-1
264,39,364.379028,694.088257,75.357117,104.825806,0.588889,-1,-1,-1
265,30,605.538086,385.181213,42.464294,48.895569,0.672332,-1,-1,-1
265,39,369.853455,701.417542,77.234253,102.342590,0.500000,-1,-1,-1
266,30,608.026489,387.309723,41.843628,47.978760,0.588889,-1,-1,-1
267,30,609.561218,387.152252,41.029846,45.701385,0.746139,-1,-1,-1
267,39,382.113770,701.297119,76.607727,89.759766,0.500000,-1,-1,-1
268,30,609.295593,387.579163,41.998596,48.013000,0.746139,-1,-1,-1
268,39,384.732544,697.328430,75.765198,85.700500,0.500000,-1,-1,-1
269,30,608.463806,387.607544,43.514893,52.942841,0.672332,-1,-1,-1
269,39,389.537415,691.046143,69.983978,81.658386,0.500000,-1,-1,-1
270,39,391.855164,690.232910,71.824951,86.418457,0.746139,-1,-1,-1
270,30,608.799927,386.946259,43.519470,54.383240,0.588889,-1,-1,-1
271,30,608.601074,387.607544,44.349365,52.945221,0.588889,-1,-1,-1
272,30,608.797363,386.482635,44.163330,56.711060,0.500000,-1,-1,-1
273,30,608.559387,386.009399,44.388000,54.543365,0.588889,-1,-1,-1
274,30,608.790649,385.771637,43.199463,55.857147,0.500000,-1,-1,-1
275,30,609.628113,386.282318,42.679565,52.477020,0.500000,-1,-1,-1
276,30,609.259949,384.890717,42.038635,46.171509,0.500000,-1,-1,-1
277,30,608.944519,385.908417,42.352722,46.675873,0.500000,-1,-1,-1
277,43,478.034851,660.579834,75.164856,69.660645,0.500000,-1,-1,-1
278,30,609.245789,387.032501,41.347473,45.914063,0.672332,-1,-1,-1
278,43,492.501160,650.688538,71.292053,79.768860,0.588889,-1,-1,-1
279,43,503.232697,652.309021,67.816376,81.812317,0.746139,-1,-1,-1
279,30,608.160889,390.411255,39.850952,47.020844,0.588889,-1,-1,-1
280,43,513.066956,655.908203,70.995667,89.521729,0.588889,-1,-1,-1
280,30,607.625854,392.663361,41.514282,47.897644,0.500000,-1,-1,-1
281,30,608.107971,390.398621,41.400635,49.421906,0.672332,-1,-1,-1
281,43,524.002625,652.312622,68.229004,79.171204,0.672332,-1,-1,-1
282,30,605.532837,389.001160,44.334290,52.994476,0.588889,-1,-1,-1
282,43,530.593872,640.470581,81.152100,91.951416,0.588889,-1,-1,-1
283,43,536.835327,636.300110,78.374756,106.918884,0.746139,-1,-1,-1
284,43,543.497681,636.153992,80.523193,103.147888,0.746139,-1,-1,-1
285,43,549.389893,638.696533,77.142761,93.125122,0.500000,-1,-1,-1
286,43,556.920593,631.930176,79.766541,98.035034,0.500000,-1,-1,-1
287,43,558.494202,632.358154,78.263367,97.901062,0.588889,-1,-1,-1
288,43,558.741333,625.567749,81.569031,104.447205,0.672332,-1,-1,-1
288,30,603.964478,389.825775,42.893799,54.874237,0.500000,-1,-1,-1
289,43,559.493896,620.643677,82.248291,107.146362,0.746139,-1,-1,-1
289,30,604.049316,390.422333,43.212769,50.887024,0.672332,-1,-1,-1
290,43,560.965942,627.498413,80.997314,99.633789,0.672332,-1,-1,-1
290,30,602.576721,391.014038,43.542542,54.120850,0.588889,-1,-1,-1
291,30,603.282959,389.825867,42.110535,54.141266,0.588889,-1,-1,-1
291,43,563.019409,625.752563,81.234375,101.638550,0.500000,-1,-1,-1
292,30,602.645996,391.030701,43.869507,48.522308,0.672332,-1,-1,-1
293,30,601.479004,388.989532,44.642395,52.347107,0.588889,-1,-1,-1
293,43,567.509583,627.192749,85.598145,100.316895,0.500000,-1,-1,-1
294,30,603.270508,389.776886,43.212036,51.549225,0.588889,-1,-1,-1
294,43,569.904236,627.149048,85.340637,98.745605,0.500000,-1,-1,-1
295,30,601.482300,389.224915,42.523743,50.681488,0.672332,-1,-1,-1
295,43,574.076172,626.967285,83.506409,97.978149,0.588889,-1,-1,-1
296,30,603.282227,389.267303,41.405640,50.612274,0.746139,-1,-1,-1
296,43,575.906372,624.878357,82.629028,99.274841,0.588889,-1,-1,-1
297,30,604.935059,387.437347,38.756958,47.182892,0.746139,-1,-1,-1
297,43,578.662842,628.471252,84.523071,95.731384,0.588889,-1,-1,-1
298,30,604.935181,387.350464,38.756836,47.195435,0.746139,-1,-1,-1
298,43,579.801270,627.854004,82.971558,95.728516,0.588889,-1,-1,-1
299,30,604.326111,388.079498,40.389648,45.667969,0.746139,-1,-1,-1
299,43,578.672424,629.699890,82.099426,94.196228,0.588889,-1,-1,-1
300,30,604.005493,387.556183,40.369812,47.558258,0.746139,-1,-1,-1
300,43,578.306641,627.022827,81.381836,93.885925,0.588889,-1,-1,-1
301,30,604.657349,386.313171,39.047974,42.179718,0.808067,-1,-1,-1
302,30,604.653320,386.062592,39.720154,42.559570,0.808067,-1,-1,-1
302,43,575.814453,620.604858,82.340454,97.344727,0.588889,-1,-1,-1
303,30,601.487976,387.502533,39.318787,44.288177,0.746139,-1,-1,-1
304,30,603.284851,387.307983,37.760254,43.970764,0.746139,-1,-1,-1
304,43,576.781250,621.658569,77.905090,88.030518,0.588889,-1,-1,-1
305,30,603.282959,386.179321,38.030212,43.773560,0.672332,-1,-1,-1
305,43,571.504395,615.863281,82.388855,94.920837,0.500000,-1,-1,-1
306,30,601.487427,387.453461,39.576599,48.592529,0.588889,-1,-1,-1
307,30,602.579468,387.502808,39.010986,45.930359,0.746139,-1,-1,-1
308,30,602.578552,387.502808,38.494263,47.218231,0.746139,-1,-1,-1
309,30,601.852417,387.502899,39.737610,48.241425,0.746139,-1,-1,-1
309,47,42.363441,639.397217,63.461784,77.469116,0.588889,-1,-1,-1
310,30,602.578552,387.578247,39.291504,46.452209,0.672332,-1,-1,-1
311,30,603.282227,386.912933,39.162598,46.770172,0.746139,-1,-1,-1
312,30,602.577637,386.643219,39.292419,47.335144,0.672332,-1,-1,-1
313,30,602.579163,387.578156,38.498352,45.580811,0.746139,-1,-1,-1
313,43,560.516663,623.136597,79.832581,98.716309,0.500000,-1,-1,-1
314,30,603.628174,388.491943,37.192810,44.396484,0.672332,-1,-1,-1
314,43,565.317810,618.072388,73.256042,93.555054,0.500000,-1,-1,-1
315,30,602.578552,387.578247,39.290344,44.914764,0.672332,-1,-1,-1
316,43,560.447449,630.140869,71.959900,95.785645,0.672332,-1,-1,-1
316,30,603.963745,388.975342,36.621948,40.545044,0.500000,-1,-1,-1
317,43,555.959778,630.084717,66.808411,88.713257,0.588889,-1,-1,-1
317,30,603.962646,387.912415,36.175659,40.923340,0.500000,-1,-1,-1
318,30,603.963501,388.467316,37.100830,40.366241,0.588889,-1,-1,-1
318,43,557.617432,625.623779,70.583069,90.256531,0.588889,-1,-1,-1
319,43,545.668091,627.880493,74.324585,84.274536,0.500000,-1,-1,-1
320,30,604.932068,385.902283,35.647827,41.078979,0.672332,-1,-1,-1
320,48,538.278198,386.914490,29.165039,35.716370,0.500000,-1,-1,-1
321,30,604.931274,384.344238,38.128174,45.996643,0.588889,-1,-1,-1
321,43,537.604187,630.266052,71.644714,85.589661,0.588889,-1,-1,-1
322,30,604.977478,383.296509,39.058472,44.468811,0.746139,-1,-1,-1
322,43,537.501282,636.125427,71.137390,85.594666,0.672332,-1,-1,-1
323,43,528.752319,634.157593,75.280396,92.137024,0.672332,-1,-1,-1
323,30,603.622314,383.193146,39.434753,46.893494,0.588889,-1,-1,-1
324,30,603.960388,383.471924,39.094177,46.340881,0.588889,-1,-1,-1
324,43,529.480469,636.129028,72.142029,93.444641,0.500000,-1,-1,-1
325,43,504.760132,659.144714,68.618042,80.771057,0.672332,-1,-1,-1
325,30,605.590088,382.935883,40.926941,44.447021,0.588889,-1,-1,-1
327,30,606.998779,382.379517,38.427002,43.429230,0.500000,-1,-1,-1
328,30,606.454834,382.952728,39.695557,44.340179,0.500000,-1,-1,-1
329,30,607.267212,380.013977,39.991821,44.756561,0.500000,-1,-1,-1
330,30,607.551147,379.377319,39.705872,42.521301,0.500000,-1,-1,-1
331,30,607.554260,378.892548,40.451294,43.041321,0.500000,-1,-1,-1
332,49,426.347656,687.131653,73.632904,100.449524,0.500000,-1,-1,-1
333,30,603.944580,379.471893,42.941345,49.808350,0.588889,-1,-1,-1
333,49,415.461639,692.274902,74.583710,104.983337,0.588889,-1,-1,-1
334,30,605.012207,378.106750,42.995422,49.585419,0.672332,-1,-1,-1
334,51,79.754974,679.543030,73.948364,86.767639,0.500000,-1,-1,-1
334,49,404.584045,692.295227,77.350281,103.882629,0.500000,-1,-1,-1
335,30,603.701843,378.100525,43.558533,48.618896,0.672332,-1,-1,-1
335,51,80.781128,678.557739,71.455460,86.675659,0.500000,-1,-1,-1
335,49,404.418365,691.854309,76.368195,101.792664,0.500000,-1,-1,-1
336,30,603.403137,377.508087,44.603394,45.814636,0.672332,-1,-1,-1
337,30,603.395081,376.891663,44.620178,47.789795,0.588889,-1,-1,-1
339,30,602.560974,378.622925,44.328430,50.357391,0.500000,-1,-1,-1
340,30,603.935913,380.523193,42.574707,49.416504,0.588889,-1,-1,-1
340,49,362.544037,730.173157,73.669159,104.372986,0.500000,-1,-1,-1
341,30,604.600220,380.996338,41.543457,51.456665,0.588889,-1,-1,-1
343,30,605.506470,380.554413,41.749146,46.195679,0.672332,-1,-1,-1
344,30,607.371582,382.609314,38.768921,43.025574,0.672332,-1,-1,-1
344,49,342.189301,757.508301,76.304352,103.522705,0.500000,-1,-1,-1
345,49,338.234619,748.394531,80.472839,110.305847,0.588889,-1,-1,-1
345,30,606.701660,383.730103,40.557434,43.451111,0.500000,-1,-1,-1
346,49,336.762512,749.636841,82.153442,108.134277,0.588889,-1,-1,-1
346,30,606.711487,383.372681,40.177917,43.749115,0.500000,-1,-1,-1
347,49,334.471771,753.471191,80.409271,112.256836,0.672332,-1,-1,-1
347,30,606.727661,382.641907,40.160217,44.167603,0.500000,-1,-1,-1
348,30,606.154968,385.055786,39.990784,44.492615,0.672332,-1,-1,-1
348,49,331.652100,755.475464,77.980469,107.965332,0.588889,-1,-1,-1
349,30,606.937744,384.195923,39.208191,44.838226,0.672332,-1,-1,-1
349,49,331.973450,754.385742,78.045013,108.157715,0.588889,-1,-1,-1
350,30,607.896362,382.760559,40.864807,45.294983,0.746139,-1,-1,-1
350,49,330.968384,752.056458,80.546631,111.962952,0.672332,-1,-1,-1
351,30,607.446228,383.607971,40.564026,45.124969,0.746139,-1,-1,-1
351,49,331.636871,754.688416,78.044769,104.509460,0.500000,-1,-1,-1
353,30,606.977417,386.220703,41.036316,42.652863,0.500000,-1,-1,-1
354,49,336.763062,755.361694,78.237549,103.232910,0.500000,-1,-1,-1
355,49,336.757233,755.477234,76.149323,101.901184,0.500000,-1,-1,-1
356,49,344.701660,757.904297,75.315826,106.243469,0.588889,-1,-1,-1
360,49,359.218292,756.423096,78.853302,114.606079,0.588889,-1,-1,-1
362,30,607.436768,385.844421,39.821594,42.919739,0.588889,-1,-1,-1
362,49,362.131134,743.671631,85.816620,108.978760,0.500000,-1,-1,-1
363,30,607.452637,385.844421,39.063110,42.307526,0.500000,-1,-1,-1
363,49,364.983124,741.709595,82.967560,110.183594,0.500000,-1,-1,-1
365,30,605.595459,384.104004,41.289185,44.719849,0.672332,-1,-1,-1
369,53,437.756165,707.939575,70.846069,81.739502,0.500000,-1,-1,-1
371,55,460.019592,687.231628,69.553650,80.818176,0.672332,-1,-1,-1
371,30,609.011475,383.286896,40.489014,46.793427,0.500000,-1,-1,-1
372,55,469.962036,676.650391,71.734131,82.208862,0.808067,-1,-1,-1
373,55,469.385376,676.417053,72.303467,83.152222,0.808067,-1,-1,-1
374,55,493.913086,664.970337,72.666504,80.953125,0.808067,-1,-1,-1
375,55,503.977203,656.309692,75.437592,89.023438,0.746139,-1,-1,-1
376,55,512.594116,655.648865,73.566833,89.851318,0.746139,-1,-1,-1
377,55,522.861084,656.676147,80.673157,95.337280,0.746139,-1,-1,-1
378,55,531.308594,648.610107,82.944336,102.868408,0.746139,-1,-1,-1
379,55,532.644226,647.748901,80.461853,103.580811,0.746139,-1,-1,-1
380,55,546.421936,644.777161,83.306152,104.950989,0.808067,-1,-1,-1
381,55,551.992676,643.138428,80.492798,102.940369,0.808067,-1,-1,-1
382,55,556.657776,638.533081,83.244751,105.120728,0.746139,-1,-1,-1
383,55,559.881226,636.925537,79.934082,104.807861,0.746139,-1,-1,-1
384,55,559.875488,636.818237,81.554749,104.889832,0.746139,-1,-1,-1
385,55,561.852356,634.403870,79.507141,98.828918,0.672332,-1,-1,-1
386,58,76.018578,637.597290,52.191689,63.453491,0.588889,-1,-1,-1
386,55,563.183105,635.743530,81.270264,95.280396,0.500000,-1,-1,-1
387,55,563.348694,631.423950,78.447205,95.339233,0.500000,-1,-1,-1
387,58,74.606873,638.765625,54.343338,64.041992,0.500000,-1,-1,-1
389,55,567.081055,628.854980,85.022217,99.142334,0.588889,-1,-1,-1
389,61,71.306046,638.458557,60.095901,82.548767,0.500000,-1,-1,-1
390,61,70.166412,637.948242,63.836273,82.729614,0.672332,-1,-1,-1
390,55,568.588379,629.439087,85.086975,97.156555,0.588889,-1,-1,-1
391,55,571.450073,622.350403,81.231445,97.591125,0.588889,-1,-1,-1
391,61,75.341171,639.526611,61.170670,84.874512,0.588889,-1,-1,-1
392,61,66.747772,638.817139,72.635651,89.787231,0.588889,-1,-1,-1
392,55,569.522522,624.841919,81.909363,96.313477,0.500000,-1,-1,-1
393,61,67.390785,638.850708,73.328255,90.484741,0.588889,-1,-1,-1
393,55,570.613220,626.182251,79.994751,90.625366,0.588889,-1,-1,-1
394,61,64.515205,637.619263,75.434166,91.683228,0.672332,-1,-1,-1
394,55,570.276367,626.053589,80.322021,87.926514,0.500000,-1,-1,-1
395,61,58.809895,637.229736,80.033142,94.705322,0.588889,-1,-1,-1
395,55,572.348267,625.044678,78.996887,91.524414,0.500000,-1,-1,-1
396,61,87.773804,644.043640,62.586700,86.135010,0.672332,-1,-1,-1
396,55,569.889954,625.819336,80.768433,93.277954,0.588889,-1,-1,-1
396,64,144.774094,675.760132,85.620926,98.307007,0.500000,-1,-1,-1
397,61,87.117981,644.880432,64.377441,85.621582,0.672332,-1,-1,-1
397,55,569.818604,626.034058,80.869995,92.339844,0.588889,-1,-1,-1
398,61,92.573761,645.750854,60.312744,83.578369,0.672332,-1,-1,-1
398,55,573.246216,622.293457,76.344482,88.907837,0.588889,-1,-1,-1
398,65,148.960480,673.000244,74.395370,89.095581,0.500000,-1,-1,-1
399,61,92.058777,645.384644,60.554382,85.418579,0.672332,-1,-1,-1
399,55,575.866089,620.094849,74.450134,92.046631,0.588889,-1,-1,-1
399,65,150.189148,673.368530,72.489685,91.777771,0.500000,-1,-1,-1
400,61,93.356934,646.220459,59.529648,83.111145,0.672332,-1,-1,-1
400,55,575.876648,621.737915,73.687744,90.403687,0.588889,-1,-1,-1
400,65,150.180603,674.470337,71.843292,91.004089,0.500000,-1,-1,-1
401,61,93.736893,649.281555,61.350937,79.993469,0.588889,-1,-1,-1
401,55,569.223022,624.218872,73.772583,88.861694,0.500000,-1,-1,-1
402,65,163.936905,666.927979,72.039490,84.372253,0.672332,-1,-1,-1
402,61,95.968819,648.174683,57.806435,81.621460,0.588889,-1,-1,-1
403,65,162.913910,667.676880,73.751419,85.454590,0.746139,-1,-1,-1
403,61,99.324310,648.699463,55.511185,67.381714,0.588889,-1,-1,-1
404,61,100.971512,651.175781,55.979477,73.711487,0.672332,-1,-1,-1
404,65,164.666855,667.980835,71.334167,81.922729,0.672332,-1,-1,-1
405,61,99.637039,651.236450,56.488388,75.817322,0.672332,-1,-1,-1
405,65,165.365921,667.981201,70.620468,82.701050,0.672332,-1,-1,-1
406,65,162.908356,666.420593,72.792542,82.953735,0.588889,-1,-1,-1
407,61,100.658417,653.777222,57.094803,81.385986,0.672332,-1,-1,-1
407,65,163.229385,665.071533,71.937134,82.531067,0.588889,-1,-1,-1
408,61,100.345978,654.368286,57.468460,80.925781,0.672332,-1,-1,-1
408,65,162.298309,666.669556,70.380798,82.243347,0.588889,-1,-1,-1
409,61,101.634315,653.044434,59.220131,82.533081,0.672332,-1,-1,-1
409,65,162.287125,668.209167,72.553482,87.440186,0.588889,-1,-1,-1
410,65,161.733337,668.568787,73.494904,90.246399,0.672332,-1,-1,-1
410,61,103.139526,658.818787,58.008362,70.172974,0.500000,-1,-1,-1
411,65,162.921814,669.090454,73.063446,91.636414,0.588889,-1,-1,-1
411,61,100.254013,659.931274,62.032898,72.388306,0.500000,-1,-1,-1
412,61,105.498154,658.488831,56.913437,71.696411,0.672332,-1,-1,-1
413,61,104.791718,658.113892,57.672119,72.096252,0.500000,-1,-1,-1
414,61,105.415070,659.236450,55.939148,68.036743,0.588889,-1,-1,-1
436,67,563.654846,596.042542,71.823120,105.218628,0.500000,-1,-1,-1
439,68,603.953430,377.601837,41.462708,48.649292,0.500000,-1,-1,-1
442,69,603.257385,379.029785,41.446350,45.527618,0.500000,-1,-1,-1
442,70,563.748657,610.899048,77.218750,100.364624,0.500000,-1,-1,-1
