0,2,425.055298,238.781387,52.346527,66.159256,0.746139,-1,-1,-1
1,2,426.425537,239.933807,50.978485,65.618622,0.808067,-1,-1,-1
2,2,425.856079,240.705185,51.545746,64.245560,0.746139,-1,-1,-1
3,2,425.856018,239.585999,50.843018,64.717438,0.746139,-1,-1,-1
4,2,425.863159,240.489944,51.547821,64.220932,0.808067,-1,-1,-1
5,2,425.575653,239.625275,51.828552,65.932709,0.746139,-1,-1,-1
6,2,425.590454,240.226227,51.821350,64.785797,0.808067,-1,-1,-1
7,2,425.059998,239.664093,52.341644,65.892181,0.808067,-1,-1,-1
8,2,425.321594,239.353043,52.082642,66.780136,0.746139,-1,-1,-1
9,2,425.579285,240.565750,51.824768,65.854172,0.746139,-1,-1,-1
10,2,425.852875,240.443161,50.845428,65.984390,0.746139,-1,-1,-1
11,2,426.428955,239.933899,50.271423,65.641174,0.746139,-1,-1,-1
12,2,426.429108,240.710220,50.974945,64.864853,0.746139,-1,-1,-1
13,2,425.856323,240.445221,51.546997,65.126373,0.746139,-1,-1,-1
14,2,425.859467,240.519196,51.546783,65.888519,0.746139,-1,-1,-1
15,2,425.856018,240.518509,50.843201,65.044907,0.746139,-1,-1,-1
16,2,425.859100,240.518738,51.544220,65.049561,0.808067,-1,-1,-1
17,2,425.325806,240.389694,52.084900,64.634445,0.808067,-1,-1,-1
18,2,425.863220,240.628143,51.548584,64.993744,0.808067,-1,-1,-1
19,2,425.318756,240.519196,51.380280,65.044037,0.746139,-1,-1,-1
20,2,425.852875,240.213730,51.548981,65.354568,0.746139,-1,-1,-1
21,2,425.852875,241.795486,50.847504,64.362961,0.746139,-1,-1,-1
22,2,425.848114,241.150589,51.555206,64.414902,0.746139,-1,-1,-1
23,2,425.050873,240.519379,51.647247,65.044281,0.746139,-1,-1,-1
24,2,424.567200,240.704910,52.130676,65.441513,0.746139,-1,-1,-1
25,2,424.554688,238.150864,52.144836,68.547684,0.746139,-1,-1,-1
26,2,425.251373,240.831848,51.463593,67.125793,0.808067,-1,-1,-1
27,2,425.803101,240.831940,50.911926,67.125824,0.808067,-1,-1,-1
28,2,424.688965,242.643036,50.374084,64.907501,0.808067,-1,-1,-1
29,2,423.085938,243.009659,51.349548,63.709854,0.746139,-1,-1,-1
30,2,422.219849,239.924469,52.215393,65.653961,0.808067,-1,-1,-1
31,2,422.123718,240.296906,51.736145,65.301849,0.808067,-1,-1,-1
32,2,422.645874,240.913513,49.937744,64.652100,0.808067,-1,-1,-1
33,2,421.851654,238.947830,51.212402,66.613541,0.808067,-1,-1,-1
34,2,421.577942,240.568542,50.989136,63.744141,0.808067,-1,-1,-1
35,2,419.698486,239.481857,51.455811,64.535019,0.808067,-1,-1,-1
36,2,418.789001,239.907120,52.868042,63.388351,0.808067,-1,-1,-1
37,2,418.405701,237.654236,53.225769,65.984009,0.808067,-1,-1,-1
38,2,418.405701,237.194641,52.860352,66.096924,0.808067,-1,-1,-1
39,2,418.379242,237.660416,52.381744,65.637436,0.808067,-1,-1,-1
40,2,418.038269,237.451126,53.228149,65.847977,0.808067,-1,-1,-1
41,2,417.264038,236.760864,54.002319,67.549377,0.808067,-1,-1,-1
42,2,417.726746,237.221054,53.013855,66.077499,0.808067,-1,-1,-1
43,2,417.765472,235.708603,53.513214,67.588760,0.808067,-1,-1,-1
44,2,417.765472,237.269714,53.500885,67.045776,0.808067,-1,-1,-1
45,2,417.709625,238.378372,53.418640,65.935410,0.808067,-1,-1,-1
46,2,417.725739,237.218994,53.764496,66.774628,0.808067,-1,-1,-1
47,2,418.081299,237.688248,53.408936,67.269394,0.808067,-1,-1,-1
48,2,418.704803,237.457809,52.785309,66.857895,0.808067,-1,-1,-1
49,2,418.654114,237.268021,52.825012,67.048782,0.808067,-1,-1,-1
50,2,418.655884,237.246231,52.834351,67.069260,0.808067,-1,-1,-1
51,2,417.724670,237.268753,53.946136,67.693893,0.808067,-1,-1,-1
52,2,418.081299,237.689301,53.576172,66.629852,0.808067,-1,-1,-1
53,2,418.444244,237.061111,52.848175,66.931503,0.808067,-1,-1,-1
54,2,418.405701,238.039581,52.649872,66.270630,0.808067,-1,-1,-1
55,2,417.725739,237.262207,52.998688,67.390198,0.808067,-1,-1,-1
56,2,417.983917,238.405334,53.282440,65.918884,0.808067,-1,-1,-1
57,2,418.109436,238.039673,53.138916,65.606689,0.808067,-1,-1,-1
58,2,418.108643,238.262878,53.157410,65.383575,0.808067,-1,-1,-1
59,2,417.710449,237.457535,53.030151,65.850540,0.808067,-1,-1,-1
60,2,417.884308,237.116318,52.586578,67.218826,0.808067,-1,-1,-1
61,2,417.998352,237.206085,53.647217,66.093964,0.808067,-1,-1,-1
62,2,418.577026,240.628052,52.478333,63.365417,0.808067,-1,-1,-1
63,2,420.537689,239.655899,51.555145,64.988205,0.808067,-1,-1,-1
64,2,421.126831,241.993103,50.956482,61.988800,0.808067,-1,-1,-1
65,2,420.383057,241.872757,51.674866,63.692001,0.808067,-1,-1,-1
66,2,422.611572,240.802277,50.437256,63.512421,0.808067,-1,-1,-1
67,2,422.665833,240.209152,50.652283,64.748245,0.808067,-1,-1,-1
68,2,423.620483,241.152740,50.221252,63.487701,0.808067,-1,-1,-1
69,2,423.482849,242.157623,50.368958,64.272003,0.808067,-1,-1,-1
70,2,423.880249,243.838028,49.975006,62.596542,0.808067,-1,-1,-1
71,2,425.038696,243.281570,50.323730,63.485336,0.808067,-1,-1,-1
72,2,425.045715,243.914978,50.314117,63.566833,0.808067,-1,-1,-1
73,2,425.822815,245.162888,50.891357,63.443130,0.808067,-1,-1,-1
74,2,424.096375,243.572021,52.601501,64.860626,0.808067,-1,-1,-1
75,2,425.292206,244.667633,52.114746,64.664642,0.808067,-1,-1,-1
76,2,425.862549,246.683304,53.391388,64.363449,0.808067,-1,-1,-1
77,2,426.419678,246.778290,52.082794,63.706757,0.808067,-1,-1,-1
78,2,428.020020,246.774033,51.979706,63.958694,0.808067,-1,-1,-1
79,2,427.683472,246.216980,52.317566,64.352509,0.746139,-1,-1,-1
80,2,431.244995,247.680359,51.340912,64.075073,0.808067,-1,-1,-1
81,2,431.993408,249.280014,49.867432,62.723404,0.746139,-1,-1,-1
82,2,431.993683,248.478195,50.233887,63.829330,0.746139,-1,-1,-1
83,2,432.749817,246.117325,50.552124,66.862564,0.746139,-1,-1,-1
84,2,432.744446,249.236435,50.551331,61.974472,0.746139,-1,-1,-1
85,2,432.744415,249.200363,51.564331,62.443680,0.746139,-1,-1,-1
86,2,433.487274,248.521408,50.492401,63.312515,0.746139,-1,-1,-1
87,2,432.744965,250.332733,50.550934,61.311310,0.746139,-1,-1,-1
88,2,433.118713,249.940292,50.178162,61.377640,0.746139,-1,-1,-1
89,2,434.579163,247.897430,51.008789,65.490448,0.746139,-1,-1,-1
90,2,436.295410,250.442230,50.145264,62.649139,0.672332,-1,-1,-1
91,2,435.283569,248.658325,51.685333,64.433105,0.746139,-1,-1,-1
92,2,435.965607,249.368729,50.474884,64.053329,0.746139,-1,-1,-1
93,2,436.296661,247.990631,50.952942,65.197113,0.808067,-1,-1,-1
94,2,437.543152,247.662506,49.249817,65.624084,0.746139,-1,-1,-1
95,2,436.297577,247.972870,52.388306,64.955719,0.672332,-1,-1,-1
96,2,437.542328,248.645325,50.508942,64.152039,0.672332,-1,-1,-1
97,2,437.541931,249.369827,50.136322,63.216415,0.672332,-1,-1,-1
98,2,437.542328,248.644958,51.469269,64.515991,0.672332,-1,-1,-1
99,2,438.114746,249.356918,50.464111,63.085342,0.672332,-1,-1,-1
100,2,438.931519,248.567276,50.890381,65.727402,0.672332,-1,-1,-1
101,2,438.115448,249.719925,50.517181,63.312881,0.588889,-1,-1,-1
102,2,437.542786,248.272430,52.863647,64.806793,0.500000,-1,-1,-1
103,2,437.542786,249.362915,51.977234,64.089111,0.588889,-1,-1,-1
104,2,438.935059,249.281433,49.889099,65.042480,0.672332,-1,-1,-1
105,2,437.542786,248.648346,51.877533,64.512604,0.672332,-1,-1,-1
106,2,436.934265,248.640793,50.616547,64.782181,0.746139,-1,-1,-1
107,2,437.564087,247.885895,50.784241,65.047272,0.672332,-1,-1,-1
108,2,435.966248,247.274460,51.584351,64.752701,0.672332,-1,-1,-1
109,2,436.619507,247.944122,50.115387,63.890259,0.746139,-1,-1,-1
110,2,435.966156,247.918213,51.518524,64.446228,0.746139,-1,-1,-1
111,2,435.965820,246.295395,51.062408,66.130142,0.746139,-1,-1,-1
112,2,436.296692,247.941193,49.880676,64.644073,0.746139,-1,-1,-1
113,2,435.284790,247.245667,50.885803,65.444580,0.808067,-1,-1,-1
114,2,435.285461,247.244431,51.149323,65.468643,0.808067,-1,-1,-1
115,2,435.285828,247.244156,51.663818,65.408432,0.808067,-1,-1,-1
116,2,434.580811,247.224243,50.989807,65.216370,0.808067,-1,-1,-1
117,2,434.579895,247.898392,51.052704,64.418442,0.746139,-1,-1,-1
118,2,434.580322,246.888062,51.052460,66.280579,0.746139,-1,-1,-1
119,2,434.580444,248.545853,50.386536,64.166977,0.746139,-1,-1,-1
120,2,435.285828,247.525635,50.284912,65.241638,0.746139,-1,-1,-1
121,2,435.285004,247.524582,50.278290,65.506302,0.746139,-1,-1,-1
122,2,434.580444,246.905319,49.736938,66.916031,0.746139,-1,-1,-1
123,2,434.219910,247.820526,50.424316,66.101074,0.746139,-1,-1,-1
124,2,431.994415,247.129211,51.983612,66.432068,0.672332,-1,-1,-1
125,2,432.745514,247.816544,50.548462,65.342697,0.746139,-1,-1,-1
126,2,432.744415,248.537247,50.552490,64.681198,0.746139,-1,-1,-1
127,2,432.744965,247.521286,50.550934,65.638016,0.746139,-1,-1,-1
128,2,433.856598,248.540634,49.441803,64.347336,0.808067,-1,-1,-1
129,2,433.856140,248.545761,49.444885,64.486130,0.672332,-1,-1,-1
130,2,433.856140,249.253830,50.459229,63.778061,0.746139,-1,-1,-1
131,2,433.118225,247.552689,51.188171,66.311447,0.746139,-1,-1,-1
132,2,432.744324,247.552689,51.562195,66.034012,0.746139,-1,-1,-1
133,2,432.744446,246.912598,51.233704,65.777069,0.746139,-1,-1,-1
134,2,433.856628,248.506622,50.124634,64.289795,0.746139,-1,-1,-1
135,2,432.742981,248.525391,50.551727,65.036438,0.746139,-1,-1,-1
136,2,432.743835,247.854080,50.549133,65.237137,0.746139,-1,-1,-1
137,2,430.872498,247.830002,51.716431,65.552750,0.746139,-1,-1,-1
138,2,433.487274,248.561600,50.488922,65.517197,0.746139,-1,-1,-1
139,2,431.995178,249.243393,51.298584,65.889664,0.746139,-1,-1,-1
140,2,431.992371,249.232407,51.302002,65.119888,0.746139,-1,-1,-1
141,2,430.868683,247.853943,52.449829,66.990326,0.746139,-1,-1,-1
142,2,431.994568,249.215836,50.591675,64.994064,0.746139,-1,-1,-1
143,2,433.115570,248.199188,50.175995,65.926392,0.746139,-1,-1,-1
144,2,431.993408,249.249985,51.297913,64.960403,0.746139,-1,-1,-1
145,2,430.868683,249.267746,51.369049,65.140274,0.746139,-1,-1,-1
146,2,431.995056,248.527863,50.590851,65.033722,0.746139,-1,-1,-1
147,2,431.239502,247.852432,52.066711,65.532120,0.746139,-1,-1,-1
148,2,431.245178,248.521042,51.340759,65.603531,0.746139,-1,-1,-1
149,2,431.994446,248.485016,50.591492,64.840729,0.808067,-1,-1,-1
150,2,430.867554,247.854172,51.734924,66.142410,0.746139,-1,-1,-1
151,2,430.127289,247.892212,52.110016,66.490601,0.746139,-1,-1,-1
152,2,431.247070,248.544525,51.338745,64.379608,0.808067,-1,-1,-1
153,2,431.995178,248.521454,51.295593,64.805023,0.746139,-1,-1,-1
154,2,431.245880,248.511658,51.340057,65.352844,0.746139,-1,-1,-1
155,2,431.242676,248.594879,50.998077,64.952545,0.746139,-1,-1,-1
156,2,431.995728,249.235977,50.590332,63.796249,0.746139,-1,-1,-1
157,2,431.995178,249.224075,51.295593,64.210648,0.746139,-1,-1,-1
158,2,431.995056,247.854034,51.295593,66.225037,0.746139,-1,-1,-1
159,2,431.247070,249.613907,51.339478,63.947678,0.746139,-1,-1,-1
160,2,431.246582,248.561050,51.339478,64.726303,0.746139,-1,-1,-1
161,2,430.131317,248.558533,52.106842,65.298279,0.746139,-1,-1,-1
162,2,429.407166,249.307526,52.830994,64.276581,0.746139,-1,-1,-1
163,2,430.499268,248.559723,51.738403,65.326355,0.746139,-1,-1,-1
164,2,431.994568,248.512527,50.590973,64.813644,0.746139,-1,-1,-1
165,2,430.499268,247.929291,52.805786,65.650452,0.746139,-1,-1,-1
166,2,430.130310,247.584274,52.466980,65.876175,0.746139,-1,-1,-1
167,2,430.130310,247.584274,52.112732,65.995499,0.746139,-1,-1,-1
168,2,430.506500,247.188766,52.789703,67.097763,0.808067,-1,-1,-1
169,2,430.130310,247.196869,53.172546,66.319336,0.746139,-1,-1,-1
170,2,429.407166,247.854126,52.833374,64.958221,0.808067,-1,-1,-1
171,2,429.405945,247.852432,52.096252,65.195206,0.746139,-1,-1,-1
172,2,429.405884,246.878082,53.186249,65.909088,0.746139,-1,-1,-1
173,2,430.128937,247.496338,51.371704,64.535065,0.746139,-1,-1,-1
174,2,429.404541,246.199905,52.461243,66.039413,0.808067,-1,-1,-1
175,2,428.700745,246.853683,53.166107,64.403152,0.746139,-1,-1,-1
176,2,429.405945,246.902985,51.721130,64.902313,0.746139,-1,-1,-1
177,2,430.497253,246.815735,51.001556,65.209167,0.746139,-1,-1,-1
178,2,428.355377,246.815369,52.398956,64.986206,0.746139,-1,-1,-1
179,2,429.404572,249.600815,50.598907,61.376297,0.746139,-1,-1,-1
180,2,429.399963,247.524033,51.724609,62.906387,0.746139,-1,-1,-1
181,2,429.402832,247.876602,51.722900,63.100876,0.746139,-1,-1,-1
182,2,429.404572,247.523804,51.350922,63.157898,0.746139,-1,-1,-1
183,2,428.355408,247.523987,52.397888,64.716309,0.746139,-1,-1,-1
184,2,429.399963,248.479248,51.353882,63.949646,0.746139,-1,-1,-1
185,2,429.404572,247.873489,52.461884,63.940384,0.746139,-1,-1,-1
186,2,430.133148,249.158340,51.727753,63.426926,0.746139,-1,-1,-1
187,2,430.132263,248.514725,51.728638,64.008347,0.746139,-1,-1,-1
188,2,430.133972,247.509338,52.452393,65.838440,0.808067,-1,-1,-1
189,2,430.131317,246.853500,53.176392,66.199722,0.746139,-1,-1,-1
190,2,431.994568,247.830048,52.313995,65.306488,0.746139,-1,-1,-1
191,2,430.141724,245.536469,53.503662,68.460663,0.808067,-1,-1,-1
192,2,430.131317,246.216934,52.485321,67.423630,0.746139,-1,-1,-1
193,2,431.252075,245.578354,53.059814,68.671646,0.808067,-1,-1,-1
194,2,432.744415,247.860718,52.206116,65.411987,0.808067,-1,-1,-1
195,2,431.992920,244.354477,53.001221,69.157791,0.808067,-1,-1,-1
196,2,434.576843,248.528137,49.457214,65.044678,0.746139,-1,-1,-1
197,2,434.578491,249.677628,50.384583,64.002792,0.746139,-1,-1,-1
198,2,434.577667,249.664490,50.121552,64.023132,0.746139,-1,-1,-1
199,2,435.627869,250.122620,49.033752,64.408875,0.746139,-1,-1,-1
200,2,435.283264,250.110352,49.378113,64.968933,0.746139,-1,-1,-1
201,2,435.283569,249.754120,50.294250,65.224396,0.746139,-1,-1,-1
202,2,435.283569,250.152878,50.320557,64.839340,0.746139,-1,-1,-1
203,2,436.294647,251.326950,49.327972,65.084183,0.746139,-1,-1,-1
204,2,436.962250,251.229584,50.554291,65.222534,0.746139,-1,-1,-1
205,2,437.569061,249.395096,51.317474,68.379074,0.672332,-1,-1,-1
206,2,437.653473,247.903336,53.207886,70.197647,0.672332,-1,-1,-1
207,2,438.110046,251.283005,51.689697,67.003098,0.672332,-1,-1,-1
208,2,440.085022,251.273026,53.010986,68.696274,0.746139,-1,-1,-1
209,2,439.887726,250.522110,54.251251,69.131760,0.746139,-1,-1,-1
210,2,441.259186,252.101807,54.120697,68.575287,0.808067,-1,-1,-1
211,2,442.558289,253.387894,52.950195,68.033615,0.808067,-1,-1,-1
212,2,443.482117,251.019928,53.496033,70.375336,0.808067,-1,-1,-1
213,2,444.227661,252.199814,53.335938,69.223404,0.808067,-1,-1,-1
214,2,445.785767,253.784454,52.640930,68.733185,0.808067,-1,-1,-1
215,2,445.802582,256.608582,53.227295,68.533356,0.808067,-1,-1,-1
216,2,446.226379,258.280029,52.191895,65.714111,0.746139,-1,-1,-1
217,2,447.121704,256.252136,52.881653,67.773987,0.746139,-1,-1,-1
218,2,447.147522,255.769089,53.542297,70.115158,0.808067,-1,-1,-1
219,2,447.694153,258.102600,54.048950,69.240723,0.746139,-1,-1,-1
220,2,447.926331,258.757385,53.477142,67.100769,0.746139,-1,-1,-1
221,2,447.923523,259.831482,53.477203,64.908142,0.746139,-1,-1,-1
222,2,449.318848,259.206238,52.085815,65.532135,0.746139,-1,-1,-1
223,2,449.318848,258.583435,52.085022,67.262451,0.672332,-1,-1,-1
224,2,447.514099,260.542419,53.892517,66.766724,0.746139,-1,-1,-1
225,2,447.905273,263.546356,54.216736,64.552338,0.746139,-1,-1,-1
226,2,449.310303,264.279877,52.094452,64.136902,0.672332,-1,-1,-1
227,2,450.421021,261.827759,52.823242,65.586548,0.588889,-1,-1,-1
228,2,449.852417,260.313354,54.143127,67.088654,0.500000,-1,-1,-1
229,2,449.571442,260.982300,53.306244,68.187622,0.500000,-1,-1,-1
230,2,449.055542,262.548157,54.187134,66.658722,0.588889,-1,-1,-1
231,2,449.848328,266.237640,54.147644,64.345642,0.672332,-1,-1,-1
232,2,449.045654,264.904083,53.825623,65.625214,0.746139,-1,-1,-1
233,2,449.565399,265.332733,53.682220,64.619202,0.672332,-1,-1,-1
234,2,450.417908,267.041565,54.328125,64.067261,0.672332,-1,-1,-1
235,2,449.837158,265.420837,54.158813,65.256042,0.746139,-1,-1,-1
236,2,448.554810,264.567383,55.441833,68.101746,0.746139,-1,-1,-1
237,2,448.773102,266.903412,54.097412,66.377228,0.746139,-1,-1,-1
238,2,448.114105,266.445831,53.289368,64.402069,0.588889,-1,-1,-1
239,2,446.678558,263.683411,54.723969,66.179718,0.672332,-1,-1,-1
240,2,445.158630,265.271484,54.516174,65.873413,0.746139,-1,-1,-1
241,2,444.885986,264.324524,55.109222,65.520325,0.746139,-1,-1,-1
242,2,443.201050,265.627991,54.629333,63.459473,0.746139,-1,-1,-1
243,2,441.618622,263.166687,54.864960,65.241302,0.746139,-1,-1,-1
244,2,439.864441,261.952881,53.945923,67.103638,0.746139,-1,-1,-1
245,2,440.134766,264.923309,53.722198,64.790741,0.746139,-1,-1,-1
246,2,439.457794,265.105865,53.589844,64.584137,0.746139,-1,-1,-1
247,2,438.451843,261.657440,52.922546,67.369080,0.746139,-1,-1,-1
248,2,436.932404,263.394958,54.037384,66.203552,0.746139,-1,-1,-1
249,2,436.983215,261.284119,54.081940,67.742249,0.808067,-1,-1,-1
250,2,436.330505,257.270996,55.147369,72.337433,0.808067,-1,-1,-1
251,2,436.336670,256.691040,54.618805,72.295166,0.808067,-1,-1,-1
252,2,435.336975,256.906311,55.801392,72.090820,0.808067,-1,-1,-1
253,2,435.622284,259.716858,54.383087,68.927124,0.746139,-1,-1,-1
254,2,435.276672,259.453918,54.243439,70.738617,0.746139,-1,-1,-1
255,2,435.621155,257.585205,53.900513,72.641846,0.746139,-1,-1,-1
256,2,434.645233,256.580750,55.472321,73.060486,0.808067,-1,-1,-1
257,2,435.621216,258.423401,54.724426,70.561462,0.746139,-1,-1,-1
258,2,436.026733,260.274445,54.622498,68.751556,0.746139,-1,-1,-1
259,2,436.719482,265.818726,53.694214,64.759644,0.746139,-1,-1,-1
260,2,437.540161,263.331482,54.614838,66.418518,0.746139,-1,-1,-1
261,2,439.939575,265.817871,53.746216,63.897034,0.746139,-1,-1,-1
261,3,760.481018,169.469055,49.387695,58.514145,0.500000,-1,-1,-1
262,2,439.879822,263.404419,55.896790,66.405701,0.808067,-1,-1,-1
263,2,440.895935,269.663940,54.940430,63.437958,0.808067,-1,-1,-1
264,2,442.002502,270.281555,55.770386,63.532349,0.808067,-1,-1,-1
265,2,443.050781,270.819763,56.937256,64.338989,0.746139,-1,-1,-1
266,2,444.691895,269.040771,56.714111,69.170868,0.808067,-1,-1,-1
267,2,444.969299,269.627838,56.434357,69.057495,0.808067,-1,-1,-1
268,2,446.223450,269.052917,55.907532,70.776794,0.746139,-1,-1,-1
268,4,777.153076,168.771515,38.101868,43.159927,0.500000,-1,-1,-1
269,2,447.069763,271.019073,55.064026,67.731537,0.746139,-1,-1,-1
270,2,446.874512,270.884338,56.381775,66.732910,0.808067,-1,-1,-1
271,2,446.973175,269.754211,56.274139,68.931213,0.746139,-1,-1,-1
272,2,448.428467,271.528931,55.568970,67.653442,0.746139,-1,-1,-1
273,2,448.467834,271.594757,55.528992,66.318787,0.808067,-1,-1,-1
274,2,449.241089,271.390442,54.754578,67.294617,0.746139,-1,-1,-1
275,2,447.859497,270.651062,55.389526,68.138062,0.746139,-1,-1,-1
276,2,448.528931,271.720581,55.470398,66.834106,0.746139,-1,-1,-1
277,2,449.013336,272.392456,55.737335,66.821320,0.746139,-1,-1,-1
278,2,447.577820,269.999451,56.421021,68.347656,0.808067,-1,-1,-1
279,2,448.467834,270.981323,55.532593,66.520325,0.808067,-1,-1,-1
280,2,447.308075,269.996521,55.940887,66.883118,0.808067,-1,-1,-1
281,2,447.450134,268.116272,54.686310,67.748413,0.746139,-1,-1,-1
282,2,447.031799,267.833496,55.106018,67.873352,0.746139,-1,-1,-1
283,2,447.031311,268.351563,55.474274,67.656769,0.746139,-1,-1,-1
284,2,446.652924,266.040436,56.609039,68.069489,0.746139,-1,-1,-1
285,2,445.146362,268.241272,57.356934,66.364563,0.808067,-1,-1,-1
286,2,445.161896,268.162842,56.261505,66.658813,0.808067,-1,-1,-1
287,2,444.615173,266.422180,56.788483,67.448486,0.746139,-1,-1,-1
288,2,444.862152,265.992859,55.156128,67.687653,0.746139,-1,-1,-1
289,2,444.858643,266.607544,55.855347,66.184753,0.808067,-1,-1,-1
290,2,444.966309,268.575195,54.075500,65.740509,0.746139,-1,-1,-1
291,2,444.344696,267.275452,55.337402,65.708557,0.746139,-1,-1,-1
292,2,443.305359,267.797058,55.720306,64.816345,0.746139,-1,-1,-1
293,2,442.791870,267.809204,54.501434,64.062988,0.746139,-1,-1,-1
294,2,442.446350,267.840515,54.828094,63.238342,0.746139,-1,-1,-1
295,2,442.636139,268.578735,54.638275,62.696289,0.746139,-1,-1,-1
296,2,442.212341,267.839722,54.340149,63.881775,0.808067,-1,-1,-1
297,2,441.730774,268.483429,54.328003,62.736420,0.746139,-1,-1,-1
298,2,441.293152,266.116272,54.526703,64.906189,0.808067,-1,-1,-1
299,2,440.532440,267.861328,54.978485,62.834930,0.746139,-1,-1,-1
300,2,439.454315,266.457550,55.681549,64.486969,0.808067,-1,-1,-1
301,2,438.677612,266.911072,56.038940,64.794067,0.808067,-1,-1,-1
302,2,438.928772,267.855164,54.753296,63.890259,0.808067,-1,-1,-1
303,2,438.923645,266.456268,55.305786,65.028168,0.808067,-1,-1,-1
304,2,436.336395,265.001343,57.906921,67.052551,0.808067,-1,-1,-1
305,2,436.304169,264.287415,57.043488,68.481079,0.808067,-1,-1,-1
306,2,435.628876,267.297638,57.244476,65.320129,0.746139,-1,-1,-1
307,2,435.628876,268.354706,56.262604,64.800751,0.746139,-1,-1,-1
308,2,435.282074,267.169495,56.029266,64.475464,0.746139,-1,-1,-1
309,2,434.217285,266.431335,55.410858,65.108337,0.746139,-1,-1,-1
310,2,434.578766,267.471924,55.295746,64.072388,0.746139,-1,-1,-1
311,2,435.283203,267.821777,54.662354,64.230530,0.746139,-1,-1,-1
312,2,434.578766,268.352661,54.343109,62.793274,0.746139,-1,-1,-1
313,2,435.283905,267.500732,54.589081,63.963837,0.746139,-1,-1,-1
314,2,434.279907,267.294434,54.185303,64.902344,0.746139,-1,-1,-1
315,2,435.339020,268.361847,52.779602,63.081085,0.808067,-1,-1,-1
316,2,434.587097,269.152222,52.851868,63.726624,0.808067,-1,-1,-1
317,2,434.585175,269.908936,52.846039,64.129761,0.808067,-1,-1,-1
318,2,433.861328,272.384216,52.290222,62.540405,0.808067,-1,-1,-1
319,2,433.546234,270.027924,53.441559,63.792664,0.746139,-1,-1,-1
320,2,433.855530,273.156372,53.114014,62.846680,0.808067,-1,-1,-1
321,2,430.874512,271.138855,56.094849,66.115326,0.808067,-1,-1,-1
322,2,430.135559,272.286896,56.544678,65.420868,0.808067,-1,-1,-1
323,2,429.769653,271.759735,54.536560,66.195374,0.808067,-1,-1,-1
324,2,429.408875,269.853607,53.882446,67.697174,0.808067,-1,-1,-1
325,2,428.013916,270.025208,55.967407,68.295044,0.857768,-1,-1,-1
326,2,426.430603,271.716064,56.153656,66.356567,0.808067,-1,-1,-1
327,2,428.002991,270.692322,54.593323,67.627625,0.808067,-1,-1,-1
328,2,427.990173,271.093201,53.881714,66.868042,0.808067,-1,-1,-1
329,2,424.034302,273.337738,55.961426,67.891479,0.746139,-1,-1,-1
330,2,419.644348,278.235413,54.727234,66.423706,0.746139,-1,-1,-1
331,2,417.919434,279.113342,54.788513,65.522217,0.746139,-1,-1,-1
332,2,415.902557,278.312317,55.296570,66.958069,0.808067,-1,-1,-1
333,2,414.955994,282.049805,53.488953,63.247681,0.746139,-1,-1,-1
334,2,413.576050,281.578552,55.614197,67.526489,0.808067,-1,-1,-1
335,2,411.988678,277.794373,57.268341,68.654968,0.746139,-1,-1,-1
336,2,410.602356,281.122375,58.672546,68.368561,0.746139,-1,-1,-1
337,2,410.607239,281.933289,58.565918,67.570282,0.746139,-1,-1,-1
338,2,409.513824,279.092896,59.550659,71.583008,0.808067,-1,-1,-1
339,2,411.333069,285.312469,58.669067,69.898590,0.746139,-1,-1,-1
340,2,411.340118,285.010376,57.725433,65.649963,0.672332,-1,-1,-1
341,2,414.471313,288.580750,55.668915,65.274506,0.672332,-1,-1,-1
342,2,413.045410,289.152557,56.899536,65.412781,0.672332,-1,-1,-1
343,2,416.073944,290.398376,58.334991,65.475800,0.746139,-1,-1,-1
344,2,420.383545,292.626343,58.117004,65.703186,0.746139,-1,-1,-1
345,2,423.237488,292.049561,58.256470,70.408539,0.746139,-1,-1,-1
346,2,426.404541,296.340637,57.572968,70.926086,0.746139,-1,-1,-1
347,2,428.680481,294.557648,58.779175,73.304260,0.746139,-1,-1,-1
348,2,432.764954,292.427307,59.613953,75.028656,0.672332,-1,-1,-1
349,2,434.604614,291.733704,63.086487,77.850677,0.672332,-1,-1,-1
350,2,438.752289,294.833801,60.238739,70.717865,0.746139,-1,-1,-1
351,2,441.680145,293.667297,59.005768,68.777344,0.746139,-1,-1,-1
352,2,445.699677,299.307983,55.701935,68.309479,0.746139,-1,-1,-1
353,2,447.831482,298.124939,56.922241,68.239899,0.746139,-1,-1,-1
354,2,447.242554,296.714813,58.275299,70.537811,0.746139,-1,-1,-1
355,2,449.299377,297.762817,58.007935,70.180298,0.672332,-1,-1,-1
356,2,447.492859,299.358398,60.841156,71.869537,0.746139,-1,-1,-1
357,2,448.555481,299.373901,61.033386,72.730194,0.672332,-1,-1,-1
358,2,446.611023,301.644653,60.714111,70.483887,0.746139,-1,-1,-1
359,2,446.872009,307.414124,61.839172,69.255157,0.746139,-1,-1,-1
360,2,443.198425,310.181305,60.804413,71.497101,0.746139,-1,-1,-1
361,2,438.766846,314.547974,62.946106,74.308533,0.746139,-1,-1,-1
362,2,435.958801,316.635071,63.950439,78.492340,0.746139,-1,-1,-1
363,2,435.274475,315.184692,65.349121,77.970581,0.746139,-1,-1,-1
364,2,435.295044,317.190918,66.018311,78.063110,0.746139,-1,-1,-1
365,2,435.297241,321.297607,66.053864,75.719727,0.746139,-1,-1,-1
366,2,433.121979,321.845581,65.176788,75.907196,0.746139,-1,-1,-1
367,2,433.107117,324.310608,66.182739,82.238556,0.808067,-1,-1,-1
368,2,432.736694,332.264526,65.557831,76.879791,0.746139,-1,-1,-1
369,2,436.316895,338.047729,64.347717,72.131226,0.746139,-1,-1,-1
370,2,435.990173,333.520203,67.205322,80.911926,0.808067,-1,-1,-1
371,2,438.209930,340.815308,65.770782,76.471344,0.746139,-1,-1,-1
372,2,437.664276,338.325378,65.236053,77.517944,0.746139,-1,-1,-1
373,2,437.650513,340.603546,66.366760,74.322235,0.746139,-1,-1,-1
374,2,444.860413,344.945007,64.723389,78.510101,0.746139,-1,-1,-1
375,2,452.353180,345.160126,69.131927,74.276001,0.746139,-1,-1,-1
376,2,456.753937,347.919525,71.230011,78.525238,0.746139,-1,-1,-1
377,2,466.008606,347.275879,67.591675,77.136230,0.746139,-1,-1,-1
378,2,472.338593,345.759064,70.386993,80.563202,0.808067,-1,-1,-1
379,2,478.491028,353.620514,64.285217,76.808716,0.746139,-1,-1,-1
380,2,481.849640,351.624207,68.267365,77.477417,0.746139,-1,-1,-1
381,2,484.757904,355.477020,67.253021,77.025787,0.808067,-1,-1,-1
382,2,492.705048,354.207733,67.336884,82.097351,0.808067,-1,-1,-1
383,2,496.936829,357.969727,63.668152,77.111115,0.808067,-1,-1,-1
384,2,499.988403,359.560455,65.151611,78.646454,0.808067,-1,-1,-1
385,2,503.995178,361.434174,69.347412,83.328735,0.808067,-1,-1,-1
386,2,508.957855,364.893402,66.270050,79.896240,0.808067,-1,-1,-1
387,2,507.682434,362.865417,68.332886,80.404816,0.746139,-1,-1,-1
388,2,510.746429,367.739319,69.563019,82.987244,0.746139,-1,-1,-1
389,2,516.903931,371.274536,64.788208,81.435425,0.746139,-1,-1,-1
390,2,514.605469,362.936005,74.411499,88.681000,0.746139,-1,-1,-1
391,2,517.130249,367.335480,74.029358,85.496887,0.808067,-1,-1,-1
392,2,520.608521,371.025421,70.870117,85.879120,0.808067,-1,-1,-1
393,2,523.137817,370.994202,70.517883,83.757111,0.672332,-1,-1,-1
394,2,529.489075,376.777863,69.709167,78.985931,0.672332,-1,-1,-1
395,2,526.876221,377.114227,73.099426,82.328979,0.672332,-1,-1,-1
396,2,543.375244,385.234039,59.209412,72.172119,0.672332,-1,-1,-1
397,2,536.982910,376.492767,69.213745,82.757263,0.746139,-1,-1,-1
398,2,536.927002,374.261536,75.715210,88.323029,0.746139,-1,-1,-1
399,2,545.603577,378.271179,70.081848,83.142059,0.500000,-1,-1,-1
400,2,554.863159,380.909546,66.509949,80.527954,0.588889,-1,-1,-1
401,2,563.372192,382.910797,61.411255,78.025269,0.672332,-1,-1,-1
402,2,554.013428,378.156189,71.100769,81.783417,0.588889,-1,-1,-1
403,2,563.321228,379.907776,62.206726,79.275787,0.672332,-1,-1,-1
404,2,564.172546,373.166931,70.253906,82.325409,0.746139,-1,-1,-1
405,2,566.990234,365.981781,77.638611,84.456207,0.672332,-1,-1,-1
406,2,567.162659,357.165527,85.950500,93.598663,0.808067,-1,-1,-1
407,2,575.978577,355.374573,80.145203,88.571960,0.808067,-1,-1,-1
408,2,579.883118,354.582550,82.651367,86.597900,0.746139,-1,-1,-1
409,2,583.276001,350.619324,85.351196,90.786346,0.746139,-1,-1,-1
410,2,584.541260,347.228821,89.338501,91.072754,0.808067,-1,-1,-1
411,2,599.399719,349.170227,75.899048,84.735718,0.808067,-1,-1,-1
412,2,607.646301,351.399078,69.920715,82.379974,0.857768,-1,-1,-1
413,2,614.263062,351.461426,68.106323,82.250336,0.857768,-1,-1,-1
414,2,610.468750,348.075348,75.442017,84.352936,0.808067,-1,-1,-1
415,2,615.463379,348.786896,71.974365,83.670227,0.808067,-1,-1,-1
416,2,617.523071,348.790375,72.822144,83.861847,0.808067,-1,-1,-1
417,2,617.518066,348.792114,72.233521,84.259552,0.808067,-1,-1,-1
418,2,619.528809,348.811432,70.256531,83.648804,0.808067,-1,-1,-1
419,2,631.878357,356.770294,67.422058,79.146423,0.672332,-1,-1,-1
420,2,636.623474,356.007477,66.343445,80.373230,0.808067,-1,-1,-1
421,2,627.736633,353.265656,77.698547,82.548706,0.808067,-1,-1,-1
422,2,625.137695,349.226990,83.790588,90.702118,0.746139,-1,-1,-1
423,2,626.781677,349.927551,83.510010,89.691101,0.746139,-1,-1,-1
424,2,629.238831,349.667175,83.133728,89.347229,0.746139,-1,-1,-1
425,2,632.463379,349.957764,82.349731,88.329437,0.746139,-1,-1,-1
426,2,633.473022,350.876129,83.251526,88.975067,0.746139,-1,-1,-1
427,2,637.857605,351.546844,81.332153,88.068329,0.746139,-1,-1,-1
428,2,647.796265,355.999786,72.922729,86.524292,0.588889,-1,-1,-1
429,2,650.514648,354.870026,73.472900,88.376495,0.746139,-1,-1,-1
430,2,651.358215,359.192322,75.350342,85.934967,0.746139,-1,-1,-1
431,2,654.157288,360.581909,75.676025,86.059113,0.672332,-1,-1,-1
432,2,654.751160,363.528168,74.681335,82.357819,0.746139,-1,-1,-1
433,2,653.972473,360.269714,74.949829,87.083862,0.672332,-1,-1,-1
434,2,652.049377,356.208252,79.383301,91.147980,0.746139,-1,-1,-1
435,2,652.999939,356.882721,82.947144,87.873779,0.746139,-1,-1,-1
436,2,655.698120,360.713928,79.382935,86.630676,0.672332,-1,-1,-1
437,2,655.184753,357.105560,79.993713,88.759277,0.672332,-1,-1,-1
438,2,657.071655,358.068054,78.380005,85.926544,0.500000,-1,-1,-1
439,2,656.456665,358.335754,77.817749,88.264069,0.672332,-1,-1,-1
440,2,656.856262,355.844788,78.538635,88.907867,0.808067,-1,-1,-1
441,2,656.018433,353.677826,78.170654,90.298004,0.746139,-1,-1,-1
442,2,656.118958,355.877930,78.383606,90.427734,0.746139,-1,-1,-1
443,2,655.108032,352.550629,77.774963,92.998810,0.672332,-1,-1,-1
444,2,653.670654,348.307709,80.239319,93.095856,0.746139,-1,-1,-1
445,2,652.748840,344.720306,81.873657,95.283417,0.808067,-1,-1,-1
446,2,653.828308,346.576813,79.903015,91.769165,0.808067,-1,-1,-1
447,2,653.674988,346.572998,80.708557,92.396362,0.808067,-1,-1,-1
448,2,653.828186,347.340637,80.015869,91.010010,0.808067,-1,-1,-1
449,2,656.891479,349.431793,75.859375,88.707092,0.672332,-1,-1,-1
450,2,659.653748,348.095032,73.770569,88.534149,0.808067,-1,-1,-1
451,2,657.179077,347.288910,77.006958,90.008514,0.808067,-1,-1,-1
452,2,655.441895,343.921875,79.550171,91.847443,0.808067,-1,-1,-1
453,2,657.666992,346.538544,77.335571,87.568542,0.808067,-1,-1,-1
454,2,656.912231,345.339569,78.032471,88.120972,0.808067,-1,-1,-1
455,2,658.115295,343.991455,75.433044,88.013855,0.808067,-1,-1,-1
456,2,658.031738,344.645386,75.515259,87.181396,0.808067,-1,-1,-1
457,2,658.388733,346.152191,73.853943,86.290924,0.808067,-1,-1,-1
458,2,657.370789,346.096710,75.510559,85.905945,0.808067,-1,-1,-1
459,2,656.060791,343.935883,76.722900,87.638672,0.808067,-1,-1,-1
460,2,658.543457,346.162476,73.586304,85.193634,0.808067,-1,-1,-1
461,2,656.431824,344.719055,74.703796,86.003510,0.808067,-1,-1,-1
462,2,658.456848,345.453278,72.678223,85.429688,0.808067,-1,-1,-1
463,2,657.894897,345.434875,73.643921,85.849915,0.808067,-1,-1,-1
464,2,653.281067,344.693665,76.136169,85.650513,0.746139,-1,-1,-1
465,2,647.995544,343.961884,78.781006,83.250458,0.808067,-1,-1,-1
466,2,646.114197,343.612244,79.491272,83.520905,0.808067,-1,-1,-1
467,2,646.464233,343.567749,78.510132,82.959686,0.746139,-1,-1,-1
468,2,645.366455,344.606750,79.604553,83.515625,0.746139,-1,-1,-1
469,2,643.238770,344.543213,77.515381,81.922333,0.672332,-1,-1,-1
470,2,641.794861,344.698364,78.939636,81.112213,0.746139,-1,-1,-1
471,2,640.053284,344.703369,80.669739,82.239624,0.746139,-1,-1,-1
472,2,642.196472,346.088654,78.543396,80.484009,0.746139,-1,-1,-1
473,2,640.292847,347.264099,81.526611,81.158752,0.746139,-1,-1,-1
474,2,642.159058,346.481750,78.611206,80.776367,0.672332,-1,-1,-1
475,2,643.616821,347.953735,76.375610,77.879639,0.746139,-1,-1,-1
476,2,645.362488,346.096710,78.993347,81.729126,0.746139,-1,-1,-1
477,2,643.668945,346.505219,80.484131,81.428833,0.746139,-1,-1,-1
478,2,646.080444,346.831726,78.901733,81.607513,0.746139,-1,-1,-1
479,2,647.986572,345.409729,77.771118,81.887573,0.808067,-1,-1,-1
480,2,648.004517,346.112854,76.332520,79.662109,0.746139,-1,-1,-1
481,2,648.005981,345.398682,77.657837,81.649231,0.808067,-1,-1,-1
482,2,647.988098,344.697571,78.936096,84.480042,0.808067,-1,-1,-1
483,2,649.562500,346.118164,77.485901,82.145844,0.808067,-1,-1,-1
484,2,650.257813,344.632599,75.978699,82.213989,0.746139,-1,-1,-1
485,2,648.682983,347.177948,83.328613,86.737518,0.746139,-1,-1,-1
486,2,649.897156,346.118317,80.117065,85.681274,0.746139,-1,-1,-1
487,2,652.351807,348.757233,78.889832,84.229889,0.746139,-1,-1,-1
488,2,653.869141,349.520325,77.338013,83.488312,0.672332,-1,-1,-1
489,2,654.508789,348.806488,78.658325,85.872803,0.672332,-1,-1,-1
490,2,658.282227,350.671143,76.905029,83.903961,0.746139,-1,-1,-1
491,2,659.408691,351.350647,74.323975,84.571289,0.746139,-1,-1,-1
492,2,658.804260,352.010101,76.276245,83.653107,0.808067,-1,-1,-1
493,2,660.294006,351.329041,74.711487,83.159546,0.746139,-1,-1,-1
495,2,662.981567,359.104431,76.547607,83.126587,0.500000,-1,-1,-1
496,2,670.381592,360.458313,71.713501,82.777405,0.500000,-1,-1,-1
497,2,666.856445,360.378296,77.152466,89.622711,0.588889,-1,-1,-1
498,2,667.623596,361.597412,76.358582,87.839630,0.672332,-1,-1,-1
499,2,669.401978,362.746124,77.914490,92.625458,0.672332,-1,-1,-1
500,2,671.996643,366.946014,74.587524,90.041565,0.672332,-1,-1,-1
501,2,671.989014,366.363190,75.308044,89.190125,0.746139,-1,-1,-1
502,2,671.244507,367.614807,75.379761,91.163452,0.588889,-1,-1,-1
503,2,670.134399,368.711426,75.708069,85.680450,0.672332,-1,-1,-1
504,2,668.303650,367.718170,75.674927,88.065674,0.500000,-1,-1,-1
505,2,664.400635,366.270264,76.950439,91.662872,0.588889,-1,-1,-1
506,2,662.129578,364.877472,78.425720,91.718719,0.746139,-1,-1,-1
507,2,661.416992,364.680267,79.196289,92.306946,0.746139,-1,-1,-1
508,2,661.271973,364.624878,78.984375,92.743103,0.746139,-1,-1,-1
509,2,655.420349,362.344849,80.419739,93.934662,0.746139,-1,-1,-1
510,2,653.007629,363.008148,76.131775,93.439178,0.746139,-1,-1,-1
511,2,650.574890,354.557831,79.275085,102.738098,0.746139,-1,-1,-1
512,2,652.301331,354.461792,76.443237,100.343353,0.746139,-1,-1,-1
513,2,650.215271,352.462738,78.284363,101.766174,0.808067,-1,-1,-1
514,2,649.864929,354.177887,76.322449,101.613281,0.808067,-1,-1,-1
515,2,647.991394,358.255554,74.594543,95.393738,0.808067,-1,-1,-1
516,2,644.678650,352.863098,76.821167,100.505127,0.857768,-1,-1,-1
517,2,644.597229,353.867798,76.176697,99.109131,0.808067,-1,-1,-1
518,2,640.464661,355.119232,78.758423,97.405151,0.746139,-1,-1,-1
519,2,640.877869,361.492126,74.041504,90.539520,0.746139,-1,-1,-1
520,2,642.332703,363.711365,70.445435,85.881500,0.746139,-1,-1,-1
521,2,641.644531,358.457153,72.729065,91.776672,0.746139,-1,-1,-1
522,2,641.092834,358.161163,73.291748,92.089050,0.746139,-1,-1,-1
523,2,642.548828,359.036499,72.463623,91.174896,0.746139,-1,-1,-1
524,2,641.677734,354.526154,73.974609,95.687256,0.808067,-1,-1,-1
525,2,642.369385,356.118439,72.626953,94.167847,0.808067,-1,-1,-1
526,2,642.346924,358.076660,74.278320,93.536407,0.808067,-1,-1,-1
527,2,642.347351,353.947723,76.875671,98.752441,0.808067,-1,-1,-1
528,2,643.954224,355.504669,74.903687,97.143402,0.808067,-1,-1,-1
529,2,644.674988,360.901245,73.447327,92.535187,0.746139,-1,-1,-1
530,2,645.375977,361.620209,73.098877,90.557098,0.746139,-1,-1,-1
531,2,646.489258,354.960114,74.625183,96.669067,0.746139,-1,-1,-1
532,2,646.866943,358.702240,73.872559,92.448395,0.808067,-1,-1,-1
533,2,647.236694,359.651276,74.246155,91.497162,0.808067,-1,-1,-1
534,2,647.971924,358.169586,74.253662,92.852875,0.808067,-1,-1,-1
535,2,651.293274,358.749023,71.996277,92.994232,0.808067,-1,-1,-1
536,2,650.573364,357.583740,72.721558,93.429565,0.808067,-1,-1,-1
537,2,650.577698,358.430420,72.718079,92.764801,0.808067,-1,-1,-1
538,2,650.574280,357.594910,72.722351,93.473145,0.808067,-1,-1,-1
539,2,650.579895,358.634033,73.719360,93.688751,0.808067,-1,-1,-1
540,2,649.849182,356.459656,74.580505,95.680023,0.808067,-1,-1,-1
541,2,648.727051,354.630707,76.929504,99.378754,0.857768,-1,-1,-1
542,2,651.297974,356.782196,73.682678,99.060974,0.808067,-1,-1,-1
543,2,651.645569,358.895050,72.700623,96.340393,0.808067,-1,-1,-1
544,2,652.320496,360.930450,71.001099,94.301331,0.808067,-1,-1,-1
545,2,650.581726,360.526886,72.733337,94.311401,0.808067,-1,-1,-1
546,2,650.597046,361.124268,72.709290,93.352753,0.746139,-1,-1,-1
547,2,648.708130,357.806122,74.597534,95.558807,0.808067,-1,-1,-1
548,2,648.743896,360.020782,73.473511,91.911346,0.808067,-1,-1,-1
549,2,646.495483,357.220551,74.988525,95.336243,0.746139,-1,-1,-1
550,2,647.233521,358.022095,73.499390,93.997467,0.746139,-1,-1,-1
551,2,646.108765,356.599274,74.655823,95.084656,0.808067,-1,-1,-1
552,2,645.398254,358.126007,75.337524,93.482300,0.746139,-1,-1,-1
553,2,645.395508,357.574860,76.086060,94.184052,0.808067,-1,-1,-1
554,2,645.379395,356.121918,75.358948,95.133179,0.808067,-1,-1,-1
555,2,643.000244,354.439636,76.980896,96.481110,0.808067,-1,-1,-1
556,2,643.969360,354.179993,76.007874,97.151001,0.808067,-1,-1,-1
557,2,644.564819,355.110901,76.575439,96.370056,0.808067,-1,-1,-1
558,2,643.661621,356.094086,76.326782,96.157471,0.808067,-1,-1,-1
559,2,644.684875,356.108276,75.299255,95.101227,0.808067,-1,-1,-1
560,2,645.333008,355.780426,74.688049,95.714355,0.808067,-1,-1,-1
561,2,646.469543,358.007629,74.291382,92.525208,0.808067,-1,-1,-1
562,2,646.069275,356.937836,75.070984,94.496613,0.808067,-1,-1,-1
563,2,646.831055,356.734955,75.770142,94.247772,0.808067,-1,-1,-1
564,2,647.953552,357.458313,73.551575,93.145386,0.808067,-1,-1,-1
565,2,648.713318,358.002502,72.793396,92.257233,0.808067,-1,-1,-1
566,2,646.873535,355.324677,74.241699,95.438507,0.808067,-1,-1,-1
567,2,647.964111,355.915558,74.634399,95.651367,0.857768,-1,-1,-1
568,2,646.870850,355.810272,74.981812,95.189758,0.808067,-1,-1,-1
569,2,649.852539,357.381775,73.449402,93.788452,0.808067,-1,-1,-1
570,2,648.735596,358.414673,74.638428,93.229065,0.808067,-1,-1,-1
571,2,649.119263,356.477234,74.527771,95.103241,0.808067,-1,-1,-1
572,2,649.853699,355.575439,75.105530,95.781189,0.808067,-1,-1,-1
573,2,650.584473,358.149353,74.360352,92.544891,0.808067,-1,-1,-1
574,2,651.286072,355.958221,75.148193,94.961426,0.808067,-1,-1,-1
575,2,652.302612,358.703705,72.665588,92.350433,0.857768,-1,-1,-1
576,2,652.949707,362.274353,72.604858,88.050934,0.808067,-1,-1,-1
577,2,651.961914,354.350372,73.470215,94.409454,0.746139,-1,-1,-1
578,2,654.140869,361.948517,71.432800,86.519623,0.746139,-1,-1,-1
579,2,654.157532,362.237549,72.805603,86.907532,0.746139,-1,-1,-1
580,2,653.540222,357.215332,73.418396,91.578278,0.746139,-1,-1,-1
581,2,652.618591,354.708252,75.029480,94.061462,0.746139,-1,-1,-1
582,2,652.934265,355.929199,74.755493,92.851959,0.746139,-1,-1,-1
583,2,651.964111,354.711914,75.729492,94.058258,0.746139,-1,-1,-1
584,2,654.173828,358.997498,74.296143,90.664581,0.746139,-1,-1,-1
585,2,654.733276,356.836395,74.080383,90.845032,0.808067,-1,-1,-1
586,2,654.743652,358.155762,74.724243,90.841644,0.808067,-1,-1,-1
587,2,654.743408,357.942444,75.555786,90.436523,0.808067,-1,-1,-1
588,2,653.361145,355.443420,77.820618,94.145416,0.808067,-1,-1,-1
589,2,655.009094,356.457001,75.097778,92.566772,0.746139,-1,-1,-1
590,2,656.030640,358.157867,74.065979,90.893646,0.746139,-1,-1,-1
591,2,656.063782,357.017395,73.062805,90.624847,0.746139,-1,-1,-1
592,2,656.704346,359.285614,72.043579,89.057098,0.746139,-1,-1,-1
593,2,656.010803,357.476990,73.552734,90.595825,0.672332,-1,-1,-1
594,2,654.757202,355.780884,75.421021,92.554596,0.746139,-1,-1,-1
595,2,653.595581,355.716248,75.418091,93.446045,0.746139,-1,-1,-1
596,2,654.746460,358.813843,73.345093,88.525452,0.808067,-1,-1,-1
597,2,653.604248,356.441711,75.482788,92.602844,0.746139,-1,-1,-1
598,2,651.309204,356.995880,74.899841,91.424744,0.672332,-1,-1,-1
599,2,651.977539,359.151031,73.016418,89.635895,0.672332,-1,-1,-1
600,2,650.572266,358.146881,71.336853,87.373444,0.672332,-1,-1,-1
601,2,649.473877,354.302124,72.075378,90.841370,0.746139,-1,-1,-1
602,2,646.491089,352.240540,74.991516,96.181549,0.746139,-1,-1,-1
603,2,647.984009,360.541992,71.245300,87.493652,0.746139,-1,-1,-1
604,2,647.972839,367.702240,70.456177,78.911865,0.672332,-1,-1,-1
605,2,647.903137,371.324524,67.222290,76.677429,0.588889,-1,-1,-1
606,2,646.259827,370.034363,65.991333,76.538727,0.588889,-1,-1,-1
607,2,637.312012,359.212646,77.076965,86.484009,0.672332,-1,-1,-1
608,2,643.222290,363.795135,69.509460,80.341461,0.672332,-1,-1,-1
609,2,639.184875,358.811920,71.394775,84.379761,0.746139,-1,-1,-1
610,2,633.918945,355.989441,77.009460,86.480896,0.746139,-1,-1,-1
611,2,631.487122,354.130737,78.589172,88.730621,0.746139,-1,-1,-1
612,2,631.236389,355.020355,79.842957,88.329803,0.746139,-1,-1,-1
613,2,630.643555,352.335938,79.260864,89.768921,0.746139,-1,-1,-1
614,2,627.500244,350.824310,81.661865,89.755737,0.672332,-1,-1,-1
615,2,628.130798,350.009949,81.396362,89.540863,0.746139,-1,-1,-1
616,2,627.374878,350.837860,83.206604,90.682709,0.746139,-1,-1,-1
617,2,628.209229,351.605530,81.770630,89.777344,0.746139,-1,-1,-1
618,2,627.409363,352.311676,83.240967,89.512939,0.746139,-1,-1,-1
619,2,628.283875,351.557739,81.427063,86.797211,0.746139,-1,-1,-1
620,2,627.455444,350.345032,82.279541,88.591095,0.808067,-1,-1,-1
621,2,626.624817,348.718781,83.063721,90.132294,0.746139,-1,-1,-1
622,2,629.767944,350.775146,80.611816,87.550415,0.808067,-1,-1,-1
623,2,629.756958,350.740814,81.622314,87.564880,0.808067,-1,-1,-1
624,2,632.695068,354.065094,79.547241,85.218109,0.808067,-1,-1,-1
625,2,635.455322,355.429138,78.774475,83.864410,0.746139,-1,-1,-1
626,2,635.771973,354.519287,79.411865,85.432983,0.746139,-1,-1,-1
627,2,634.279968,353.251648,82.293884,88.224609,0.746139,-1,-1,-1
628,2,634.556152,353.942505,81.026245,87.433136,0.808067,-1,-1,-1
629,2,646.466919,356.981232,78.508484,90.430847,0.746139,-1,-1,-1
630,2,647.211792,355.589447,81.182983,94.197418,0.857768,-1,-1,-1
631,2,652.028503,358.810822,79.004456,89.308044,0.808067,-1,-1,-1
632,2,652.437500,358.628357,79.965942,89.502594,0.746139,-1,-1,-1
633,2,653.738403,359.320404,81.645996,90.474335,0.746139,-1,-1,-1
634,2,652.680359,355.968201,82.244080,92.819275,0.746139,-1,-1,-1
635,2,656.368835,358.471069,80.236145,88.262329,0.746139,-1,-1,-1
636,2,659.061401,358.690704,77.432922,87.174316,0.672332,-1,-1,-1
637,2,661.842224,361.464478,74.545837,85.843414,0.672332,-1,-1,-1
638,2,659.670044,360.971008,77.483398,89.405640,0.672332,-1,-1,-1
639,2,657.738770,358.549347,78.272949,90.523590,0.746139,-1,-1,-1
640,2,657.726074,359.247345,76.769531,89.467438,0.672332,-1,-1,-1
641,2,661.124390,359.984802,73.839233,88.338318,0.746139,-1,-1,-1
642,2,659.014221,359.936554,76.460632,88.506317,0.672332,-1,-1,-1
643,2,654.433472,355.775482,80.992920,92.308685,0.746139,-1,-1,-1
644,2,649.489075,351.425171,85.334167,93.398712,0.808067,-1,-1,-1
645,2,648.722168,349.895691,85.263550,93.363190,0.808067,-1,-1,-1
646,2,647.988159,348.756775,82.714294,90.171112,0.808067,-1,-1,-1
647,2,648.818787,348.835144,80.329468,88.511261,0.808067,-1,-1,-1
648,2,649.582397,349.619751,78.096863,84.801270,0.808067,-1,-1,-1
649,2,650.647888,349.542664,79.684998,85.030884,0.808067,-1,-1,-1
650,2,649.899048,348.748260,81.781006,85.463379,0.857768,-1,-1,-1
651,2,649.920044,347.248444,80.308594,84.818024,0.857768,-1,-1,-1
652,2,650.310120,346.127869,81.182007,85.360260,0.808067,-1,-1,-1
653,2,649.918091,344.326172,82.471436,88.226349,0.808067,-1,-1,-1
654,2,648.014709,344.000244,84.831421,88.774475,0.808067,-1,-1,-1
655,2,649.893616,343.338745,82.893860,88.734863,0.808067,-1,-1,-1
656,2,650.647705,344.677185,83.179810,88.495697,0.808067,-1,-1,-1
657,2,651.509155,344.678528,82.476624,89.804565,0.808067,-1,-1,-1
658,2,652.260681,343.345001,80.515930,90.528625,0.808067,-1,-1,-1
659,2,653.376831,344.710266,79.661804,86.781616,0.808067,-1,-1,-1
660,2,654.733093,345.421875,78.197144,86.311707,0.808067,-1,-1,-1
661,2,654.086182,344.019409,79.184082,86.823181,0.808067,-1,-1,-1
662,2,654.126465,344.728577,78.662109,86.514008,0.808067,-1,-1,-1
663,2,652.384033,342.992188,81.395264,88.672821,0.808067,-1,-1,-1
664,2,651.630615,342.998291,81.196411,87.606628,0.808067,-1,-1,-1
665,2,651.668396,342.311005,81.645447,87.597382,0.808067,-1,-1,-1
666,2,651.601074,342.381775,82.105713,87.918365,0.808067,-1,-1,-1
667,2,651.556885,341.523010,82.422241,87.641693,0.808067,-1,-1,-1
668,2,651.630859,342.371582,82.564636,88.162018,0.808067,-1,-1,-1
669,2,653.065063,343.281067,80.856506,85.016815,0.808067,-1,-1,-1
670,2,654.551453,343.345154,78.891296,86.073517,0.808067,-1,-1,-1
671,2,658.224243,345.442505,74.176147,84.379730,0.808067,-1,-1,-1
672,2,657.225830,344.724152,75.596558,85.306732,0.808067,-1,-1,-1
673,2,661.642822,348.225952,69.896973,80.918884,0.808067,-1,-1,-1
674,2,662.061829,350.968323,69.424072,78.619904,0.808067,-1,-1,-1
675,2,660.672791,350.222992,69.429382,79.594482,0.808067,-1,-1,-1
676,2,662.953552,351.866730,66.685913,77.703186,0.746139,-1,-1,-1
677,2,660.234497,351.630157,68.446655,77.965942,0.746139,-1,-1,-1
678,2,660.757202,350.971619,66.728088,79.077393,0.746139,-1,-1,-1
679,2,656.193420,348.117554,71.747375,81.862152,0.746139,-1,-1,-1
680,2,654.868530,348.049255,71.453247,81.960388,0.746139,-1,-1,-1
681,2,655.786865,349.995300,71.077271,80.991577,0.746139,-1,-1,-1
682,2,659.376587,350.830811,66.898499,79.375031,0.746139,-1,-1,-1
683,2,659.434814,351.693329,64.595825,77.961090,0.746139,-1,-1,-1
684,2,658.911987,352.395264,64.741821,77.948822,0.808067,-1,-1,-1
685,2,657.310303,351.604980,65.278015,78.219177,0.746139,-1,-1,-1
686,2,658.744751,350.940948,63.840210,78.347626,0.746139,-1,-1,-1
687,2,659.711975,351.830017,62.878357,77.995331,0.808067,-1,-1,-1
688,2,651.995422,348.800903,69.894348,80.281860,0.808067,-1,-1,-1
689,2,651.908447,346.458984,68.080078,81.201965,0.808067,-1,-1,-1
690,2,650.523804,346.448822,69.513306,80.687622,0.746139,-1,-1,-1
691,2,652.977661,347.234985,67.002991,79.437561,0.808067,-1,-1,-1
692,2,646.823608,347.159973,70.556091,79.589478,0.746139,-1,-1,-1
693,2,648.427979,345.321808,69.672974,81.268616,0.808067,-1,-1,-1
694,2,650.085327,343.595123,68.026367,82.990814,0.746139,-1,-1,-1
695,2,645.993652,342.909485,73.240479,85.912811,0.808067,-1,-1,-1
696,2,647.921326,344.645813,68.765076,81.197266,0.808067,-1,-1,-1
697,2,645.284058,342.132202,72.473877,85.236237,0.808067,-1,-1,-1
698,2,645.626953,341.210693,71.059875,85.365265,0.808067,-1,-1,-1
699,2,642.041138,338.362701,75.713379,89.897644,0.857768,-1,-1,-1
700,2,643.844971,339.001587,73.559814,88.201782,0.808067,-1,-1,-1
701,2,642.915771,338.497650,75.575195,87.992432,0.808067,-1,-1,-1
702,2,643.179199,337.701538,76.062500,88.884674,0.808067,-1,-1,-1
703,2,643.885986,340.011902,74.602234,86.729950,0.808067,-1,-1,-1
704,2,641.674316,340.724213,75.707397,87.225586,0.808067,-1,-1,-1
705,2,640.509766,340.367004,78.368347,88.123871,0.746139,-1,-1,-1
706,2,639.234558,340.823792,78.127380,88.949463,0.808067,-1,-1,-1
707,2,635.984985,339.787842,83.200500,97.573486,0.808067,-1,-1,-1
708,2,636.595459,343.036102,77.686279,94.615814,0.808067,-1,-1,-1
709,2,634.400330,345.500977,77.038269,93.381042,0.746139,-1,-1,-1
710,2,628.656372,350.017914,68.899536,84.262665,0.746139,-1,-1,-1
711,2,623.231201,344.103088,78.627686,97.490997,0.746139,-1,-1,-1
712,2,618.989624,347.430420,79.591125,96.666809,0.808067,-1,-1,-1
713,2,617.549622,350.804077,78.368530,92.432465,0.672332,-1,-1,-1
714,2,611.972595,351.502350,75.706848,91.793060,0.746139,-1,-1,-1
715,2,604.126892,354.055847,79.233948,93.573303,0.808067,-1,-1,-1
716,2,599.986877,360.002747,77.603333,94.692627,0.808067,-1,-1,-1
717,2,599.232544,359.264832,77.888794,95.749329,0.808067,-1,-1,-1
718,2,590.682312,359.577026,77.918762,99.625854,0.808067,-1,-1,-1
719,2,585.380493,364.196320,78.155029,94.676239,0.808067,-1,-1,-1
720,2,581.542480,367.064484,77.513672,91.942566,0.808067,-1,-1,-1
721,2,576.736633,369.233002,77.961060,89.782928,0.672332,-1,-1,-1
722,2,572.683716,364.097260,74.562012,91.600342,0.746139,-1,-1,-1
723,2,569.186523,365.805908,74.048584,92.931519,0.746139,-1,-1,-1
724,2,567.736511,370.025848,68.983032,91.896973,0.746139,-1,-1,-1
725,2,566.268372,375.128906,68.303467,85.198151,0.672332,-1,-1,-1
726,2,565.046143,373.301605,71.139404,91.221954,0.672332,-1,-1,-1
727,2,566.698547,380.696136,69.901550,83.856079,0.672332,-1,-1,-1
728,2,568.998596,384.442474,67.002502,79.953644,0.672332,-1,-1,-1
729,2,569.490845,390.286011,65.481812,73.494141,0.672332,-1,-1,-1
729,7,964.927124,178.473221,44.608887,47.696320,0.500000,-1,-1,-1
730,2,567.845276,388.655457,64.191467,72.025543,0.672332,-1,-1,-1
731,2,564.716553,394.328430,63.289185,67.849640,0.746139,-1,-1,-1
731,9,975.865845,184.005203,43.269287,48.460190,0.500000,-1,-1,-1
732,2,565.701416,393.293335,60.961060,70.661133,0.672332,-1,-1,-1
733,2,550.475037,389.893982,70.847412,81.476257,0.746139,-1,-1,-1
734,10,988.590454,181.848312,44.554565,52.356125,0.672332,-1,-1,-1
734,2,542.818176,397.869598,68.281250,73.746552,0.588889,-1,-1,-1
735,10,992.236938,183.277496,44.815063,52.571411,0.500000,-1,-1,-1
735,2,537.807556,400.891754,62.154053,73.420074,0.500000,-1,-1,-1
736,2,526.827698,397.650696,69.043701,80.561920,0.588889,-1,-1,-1
736,10,994.085266,184.611420,48.749695,54.804749,0.500000,-1,-1,-1
737,2,522.243835,398.288177,67.459167,70.719635,0.588889,-1,-1,-1
737,10,1001.778992,186.900101,47.296326,56.657272,0.500000,-1,-1,-1
738,2,509.578583,403.065033,68.244171,80.863220,0.672332,-1,-1,-1
739,2,505.811768,402.947205,66.107422,76.297302,0.500000,-1,-1,-1
740,10,1024.735474,191.992081,48.553467,59.234070,0.500000,-1,-1,-1
741,2,493.715973,402.229797,66.374969,74.752808,0.588889,-1,-1,-1
742,10,1035.283691,192.791336,44.718140,53.324158,0.588889,-1,-1,-1
742,2,486.287567,408.833130,70.366730,75.919647,0.500000,-1,-1,-1
743,2,481.476837,406.467957,67.935760,81.018402,0.588889,-1,-1,-1
744,2,478.107483,403.916199,66.831116,74.327820,0.588889,-1,-1,-1
745,2,471.266693,419.905334,61.745392,73.242371,0.746139,-1,-1,-1
746,2,464.715729,421.944031,65.901764,75.143829,0.672332,-1,-1,-1
747,2,463.891113,423.743591,65.966187,74.113495,0.672332,-1,-1,-1
748,2,456.744141,420.621002,70.479553,83.050049,0.500000,-1,-1,-1
750,2,454.110291,423.924774,71.637268,89.474579,0.588889,-1,-1,-1
751,2,455.230408,432.349091,70.162231,84.170319,0.588889,-1,-1,-1
752,2,456.781403,427.234589,71.272614,87.555328,0.588889,-1,-1,-1
753,2,460.306274,441.906555,70.279785,83.947449,0.672332,-1,-1,-1
754,2,461.670776,454.144409,75.521729,90.505188,0.588889,-1,-1,-1
755,2,464.584778,439.839386,81.173279,112.016937,0.672332,-1,-1,-1
756,2,474.986664,455.356567,76.263519,92.438110,0.672332,-1,-1,-1
757,2,480.050812,458.605591,79.949982,100.319214,0.746139,-1,-1,-1
758,2,485.041748,450.927338,85.920776,114.921112,0.672332,-1,-1,-1
759,2,496.977234,463.870056,80.186646,92.061340,0.588889,-1,-1,-1
760,2,505.507446,469.337311,83.306763,108.043121,0.672332,-1,-1,-1
761,2,508.008453,463.809357,87.932831,123.928253,0.808067,-1,-1,-1
762,2,507.296936,463.529114,88.714783,127.521240,0.808067,-1,-1,-1
763,2,514.874451,479.328369,87.273987,111.524963,0.746139,-1,-1,-1
764,2,528.802734,486.817383,87.822632,105.446655,0.588889,-1,-1,-1
765,2,533.034790,484.684662,92.056030,128.926056,0.746139,-1,-1,-1
766,2,538.707886,493.115936,94.717834,121.598541,0.588889,-1,-1,-1
767,2,544.542542,503.001709,96.881042,128.270691,0.746139,-1,-1,-1
768,2,549.928833,508.164642,93.753662,126.351959,0.500000,-1,-1,-1
769,2,551.980408,516.481201,108.500244,146.911194,0.808067,-1,-1,-1
770,2,557.078857,523.717407,113.884277,133.740234,0.672332,-1,-1,-1
771,2,561.109192,531.274048,114.462341,136.589722,0.588889,-1,-1,-1
772,2,569.955444,534.740967,116.338867,141.472046,0.672332,-1,-1,-1
776,2,624.590515,560.239197,105.294617,107.905212,0.500000,-1,-1,-1
777,2,623.723633,560.238464,107.782654,112.483887,0.588889,-1,-1,-1
778,2,623.723633,558.875000,107.341309,110.476074,0.500000,-1,-1,-1
779,2,646.435913,570.225952,110.933228,111.383545,0.588889,-1,-1,-1
780,2,663.924683,571.109741,121.402039,114.096069,0.746139,-1,-1,-1
781,2,682.630310,579.372253,123.646545,130.896179,0.672332,-1,-1,-1
782,2,702.321167,582.203979,125.996460,134.314636,0.500000,-1,-1,-1
783,2,716.092346,575.718933,122.904358,114.159485,0.672332,-1,-1,-1
785,2,751.885864,572.258423,119.774048,116.011414,0.672332,-1,-1,-1
786,2,768.353210,573.912476,119.539307,112.753662,0.500000,-1,-1,-1
795,2,968.597656,617.160461,98.827637,114.186707,0.500000,-1,-1,-1
796,2,989.812317,614.705933,104.423279,119.365173,0.500000,-1,-1,-1
802,2,1102.105225,619.147461,101.322266,125.688477,0.672332,-1,-1,-1
803,2,1115.772339,613.143799,100.153931,124.744690,0.672332,-1,-1,-1
804,2,1132.951904,612.882751,95.042114,115.364868,0.808067,-1,-1,-1
805,2,1146.323242,608.085938,99.051025,126.205566,0.746139,-1,-1,-1
806,2,1161.968140,608.939209,95.842896,124.466553,0.588889,-1,-1,-1
807,2,1162.004517,610.582275,96.984375,124.340820,0.588889,-1,-1,-1
808,2,1161.586182,608.829712,97.009521,124.262939,0.588889,-1,-1,-1
809,2,1189.666626,595.252441,95.454956,123.305298,0.588889,-1,-1,-1
810,2,1220.245117,584.453430,92.363281,111.183655,0.500000,-1,-1,-1
811,2,1233.988281,588.742065,93.797119,107.347046,0.672332,-1,-1,-1
812,2,1251.325562,592.160156,90.067139,107.014893,0.672332,-1,-1,-1
813,2,1266.388916,592.011230,89.296753,106.914185,0.746139,-1,-1,-1
814,2,1279.487793,592.990601,88.508301,109.158569,0.746139,-1,-1,-1
815,2,1294.495361,595.318115,89.071777,110.898987,0.746139,-1,-1,-1
816,2,1309.127808,597.399658,96.953857,112.300110,0.746139,-1,-1,-1
817,2,1324.769897,593.213257,92.026733,121.180908,0.672332,-1,-1,-1
818,2,1342.100342,593.815613,95.254028,116.677551,0.808067,-1,-1,-1
819,2,1355.239380,593.729736,94.784668,114.736328,0.746139,-1,-1,-1
820,2,1368.785278,591.636230,96.000977,116.072510,0.746139,-1,-1,-1
821,2,1383.146973,588.126831,98.402100,112.814575,0.746139,-1,-1,-1
822,2,1383.411377,589.976196,96.807983,108.358398,0.746139,-1,-1,-1
823,2,1383.147095,589.251587,97.812256,111.936707,0.746139,-1,-1,-1
824,2,1407.946655,590.789978,87.322266,92.642212,0.588889,-1,-1,-1
829,2,1474.941406,585.376648,77.104126,87.780029,0.500000,-1,-1,-1
831,2,1496.253906,588.023438,80.124268,101.533447,0.500000,-1,-1,-1
835,2,1537.481201,582.919800,71.342773,79.973450,0.500000,-1,-1,-1
836,2,1545.858765,587.204834,63.328857,76.177124,0.588889,-1,-1,-1
837,2,1545.858765,587.198914,63.318604,74.360962,0.588889,-1,-1,-1
874,12,911.977783,252.008606,51.338745,61.329773,0.500000,-1,-1,-1
