0,3,1507.880005,490.473450,80.186157,80.544373,0.672332,-1,-1,-1
0,4,544.678589,263.880066,75.512329,90.096313,0.500000,-1,-1,-1
1,3,1508.581299,490.112000,79.514893,79.245178,0.672332,-1,-1,-1
1,4,545.454163,264.867981,74.055298,88.853333,0.500000,-1,-1,-1
2,3,1507.763062,490.504211,79.590698,82.172180,0.746139,-1,-1,-1
2,4,544.912231,264.882874,74.579224,89.593475,0.500000,-1,-1,-1
3,3,1507.897583,490.114838,79.480103,80.341339,0.672332,-1,-1,-1
3,4,545.334534,265.215515,73.507751,90.102020,0.500000,-1,-1,-1
4,3,1506.214478,489.375366,81.887573,84.507446,0.672332,-1,-1,-1
5,3,1505.587769,489.375366,82.546265,87.296814,0.672332,-1,-1,-1
5,4,543.418457,264.533295,74.655457,90.280426,0.500000,-1,-1,-1
6,3,1505.637817,490.100189,81.812622,86.487457,0.672332,-1,-1,-1
6,4,544.775818,264.643341,73.300842,87.472137,0.500000,-1,-1,-1
7,3,1505.667236,490.473175,81.754639,82.487091,0.672332,-1,-1,-1
7,4,544.453003,264.647369,73.749451,89.693939,0.588889,-1,-1,-1
8,3,1505.594482,489.719147,82.885254,82.829193,0.672332,-1,-1,-1
8,4,544.044800,263.509186,74.618286,89.513672,0.500000,-1,-1,-1
9,3,1503.313477,487.025482,84.071533,93.493927,0.746139,-1,-1,-1
10,3,1502.797607,487.975525,83.444092,97.599060,0.746139,-1,-1,-1
10,4,544.346069,258.954529,76.198975,88.511414,0.500000,-1,-1,-1
11,3,1502.335449,487.622131,84.979248,95.755188,0.746139,-1,-1,-1
11,4,544.876831,259.580444,74.610962,86.037354,0.500000,-1,-1,-1
12,3,1502.519897,486.990601,84.801636,96.847778,0.746139,-1,-1,-1
12,4,543.283752,258.709991,76.274780,89.906616,0.500000,-1,-1,-1
13,3,1503.786865,487.333832,83.622925,94.849152,0.746139,-1,-1,-1
13,4,543.861816,257.083923,75.952820,88.509705,0.500000,-1,-1,-1
14,3,1503.589355,488.656036,85.096313,94.821136,0.746139,-1,-1,-1
15,3,1503.517334,488.305481,85.172729,95.024475,0.808067,-1,-1,-1
15,4,544.330505,256.247070,74.679382,86.929382,0.500000,-1,-1,-1
16,3,1504.329712,487.328979,84.759888,91.923889,0.746139,-1,-1,-1
16,4,543.497314,256.115295,75.521973,88.640167,0.500000,-1,-1,-1
17,3,1503.440918,486.906281,86.192139,94.604584,0.746139,-1,-1,-1
17,4,544.874756,255.306793,74.135071,88.587372,0.500000,-1,-1,-1
18,3,1503.223145,487.046997,84.898193,96.231628,0.746139,-1,-1,-1
18,4,545.328003,256.052612,73.250610,86.034424,0.500000,-1,-1,-1
19,3,1503.495483,487.328522,85.694824,94.888641,0.746139,-1,-1,-1
19,4,543.659424,247.178192,76.797363,92.668121,0.588889,-1,-1,-1
20,3,1503.584229,486.404114,86.266113,95.238586,0.746139,-1,-1,-1
20,4,543.726990,246.996140,76.052124,92.475632,0.588889,-1,-1,-1
21,3,1503.493042,486.998291,86.315430,97.913452,0.746139,-1,-1,-1
21,4,544.819824,246.672043,75.725586,93.341629,0.500000,-1,-1,-1
22,3,1502.968750,487.622040,86.365967,94.504669,0.808067,-1,-1,-1
22,4,544.523926,245.330704,77.351440,95.378708,0.500000,-1,-1,-1
23,3,1502.968750,486.981812,86.692627,96.247559,0.808067,-1,-1,-1
23,4,544.110352,247.828354,75.697327,92.022629,0.588889,-1,-1,-1
24,3,1502.792236,487.980469,87.833618,90.483521,0.746139,-1,-1,-1
24,4,543.478149,244.829956,77.823914,93.803040,0.588889,-1,-1,-1
25,3,1502.160156,487.620575,88.100952,96.351105,0.746139,-1,-1,-1
25,4,543.670959,244.172333,79.454285,92.156799,0.588889,-1,-1,-1
26,3,1503.584229,487.637421,86.229736,92.106476,0.746139,-1,-1,-1
26,4,543.585571,243.622925,78.854492,94.576111,0.672332,-1,-1,-1
27,3,1503.404053,487.324036,87.242920,91.020813,0.672332,-1,-1,-1
27,4,543.478149,244.016098,78.553162,93.730301,0.588889,-1,-1,-1
28,3,1504.518677,488.655762,85.331543,89.786865,0.746139,-1,-1,-1
28,4,544.045410,243.372070,78.887146,95.195007,0.672332,-1,-1,-1
29,3,1504.722656,487.979004,85.499268,89.618591,0.746139,-1,-1,-1
30,3,1505.613281,487.972595,85.405762,91.495667,0.746139,-1,-1,-1
31,3,1504.809326,487.971313,86.333008,90.305969,0.746139,-1,-1,-1
32,3,1505.634766,486.410706,84.687500,93.108582,0.746139,-1,-1,-1
33,3,1505.303223,487.980927,84.965088,93.262604,0.808067,-1,-1,-1
34,3,1505.637695,488.665833,84.785278,87.875671,0.746139,-1,-1,-1
34,4,555.403381,243.596375,74.348206,94.495605,0.672332,-1,-1,-1
35,3,1504.875488,487.976074,85.768799,85.664551,0.746139,-1,-1,-1
35,4,554.779846,243.712646,74.085999,95.199402,0.588889,-1,-1,-1
36,3,1505.628052,487.976349,84.803101,88.071442,0.746139,-1,-1,-1
36,4,553.477417,243.979477,76.198792,96.432999,0.672332,-1,-1,-1
37,3,1505.669434,487.632477,85.349609,89.371918,0.746139,-1,-1,-1
37,4,554.177734,242.825912,73.373901,95.170761,0.588889,-1,-1,-1
38,3,1503.802368,487.899078,87.710327,88.196320,0.746139,-1,-1,-1
38,4,554.313538,242.569107,76.047424,95.881943,0.672332,-1,-1,-1
39,3,1505.671265,487.976440,85.553101,85.719238,0.746139,-1,-1,-1
39,4,564.486023,242.636307,70.215454,87.724686,0.500000,-1,-1,-1
40,3,1505.671875,487.969482,85.481934,87.621948,0.746139,-1,-1,-1
40,4,564.486023,242.676865,70.652527,89.582474,0.500000,-1,-1,-1
41,3,1505.721924,487.976349,85.298706,84.040131,0.746139,-1,-1,-1
41,4,563.978333,243.299744,71.242615,89.659302,0.500000,-1,-1,-1
42,3,1505.637817,487.977081,85.576538,84.698822,0.746139,-1,-1,-1
42,4,562.061035,242.409256,72.925293,90.370712,0.588889,-1,-1,-1
43,3,1504.323120,486.952332,87.189331,86.235535,0.746139,-1,-1,-1
43,4,564.542358,242.444458,70.292114,89.124939,0.500000,-1,-1,-1
44,3,1505.641113,487.960876,83.348633,88.893677,0.808067,-1,-1,-1
44,4,568.053467,234.847412,72.217346,89.989197,0.672332,-1,-1,-1
45,3,1505.130737,488.634247,83.856812,85.383698,0.808067,-1,-1,-1
45,4,567.293457,237.789963,72.387146,89.037308,0.588889,-1,-1,-1
46,3,1505.154053,488.641937,83.854614,87.510162,0.808067,-1,-1,-1
46,4,568.277283,236.194839,71.846375,88.220993,0.672332,-1,-1,-1
47,3,1505.155029,487.960876,83.202637,88.210022,0.808067,-1,-1,-1
47,4,568.117554,235.334198,71.833191,89.148193,0.672332,-1,-1,-1
48,3,1505.791260,487.665253,83.937378,85.928131,0.746139,-1,-1,-1
48,4,568.117554,235.487274,71.831360,90.343353,0.672332,-1,-1,-1
49,4,575.996826,229.249420,70.032104,83.631226,0.746139,-1,-1,-1
49,3,1503.660400,486.980804,85.043701,95.508270,0.746139,-1,-1,-1
50,4,577.124817,229.170181,68.215088,82.921921,0.746139,-1,-1,-1
50,3,1504.450684,487.656372,83.956055,93.921387,0.746139,-1,-1,-1
51,4,576.005798,229.601898,69.703613,81.711823,0.746139,-1,-1,-1
51,3,1504.102661,487.018890,84.681152,92.769379,0.746139,-1,-1,-1
52,4,575.982056,227.350159,70.173767,85.198853,0.746139,-1,-1,-1
52,3,1505.576660,486.677307,82.444702,89.503052,0.746139,-1,-1,-1
53,4,577.127686,229.502197,68.213684,82.275696,0.746139,-1,-1,-1
53,3,1504.112549,486.968445,83.216553,90.666138,0.746139,-1,-1,-1
54,4,583.425964,220.505905,71.618530,85.851974,0.746139,-1,-1,-1
54,3,1502.868896,486.677399,84.436279,94.874908,0.746139,-1,-1,-1
55,4,584.159790,220.325546,70.061279,86.032150,0.746139,-1,-1,-1
55,3,1501.533081,488.318298,85.800537,95.075012,0.746139,-1,-1,-1
56,4,584.209839,220.325684,70.805359,85.904297,0.746139,-1,-1,-1
56,3,1501.415527,487.923340,85.889526,95.284424,0.746139,-1,-1,-1
57,4,584.163208,219.876022,70.851990,85.742447,0.746139,-1,-1,-1
57,3,1501.835938,487.649323,84.415527,95.010468,0.746139,-1,-1,-1
58,4,595.975525,219.590652,68.013000,86.183487,0.746139,-1,-1,-1
58,3,1500.689575,487.267548,84.790894,96.003204,0.746139,-1,-1,-1
59,4,595.966675,219.575363,68.469238,85.590042,0.746139,-1,-1,-1
59,3,1501.129150,487.908508,83.597900,93.912659,0.746139,-1,-1,-1
59,12,775.044434,653.486328,93.067383,104.323242,0.500000,-1,-1,-1
60,4,596.650818,219.227280,67.990173,85.660049,0.746139,-1,-1,-1
60,3,1501.002075,487.268555,83.736694,94.120605,0.746139,-1,-1,-1
60,12,775.024109,653.467773,93.086426,104.741455,0.500000,-1,-1,-1
61,4,594.995850,219.082672,69.668884,86.049286,0.746139,-1,-1,-1
61,3,1501.996704,486.962402,83.528198,90.677368,0.746139,-1,-1,-1
62,4,595.627014,219.161041,69.013123,85.972229,0.746139,-1,-1,-1
62,3,1501.885986,486.356598,84.695313,93.071869,0.746139,-1,-1,-1
62,15,775.079102,653.990234,93.374207,103.693787,0.500000,-1,-1,-1
63,4,610.534180,215.140823,66.431458,86.426010,0.746139,-1,-1,-1
63,3,1501.479004,486.398254,82.509766,90.257813,0.746139,-1,-1,-1
64,4,610.407410,215.990387,66.559753,84.893951,0.746139,-1,-1,-1
64,3,1501.132080,486.668518,83.985352,91.841736,0.746139,-1,-1,-1
65,4,610.466980,216.354034,65.526428,85.236053,0.746139,-1,-1,-1
65,3,1500.767578,486.354309,85.119385,93.839417,0.746139,-1,-1,-1
66,4,610.534180,216.225494,65.779968,84.633026,0.746139,-1,-1,-1
66,3,1501.263184,487.300964,83.478516,91.545105,0.746139,-1,-1,-1
67,4,610.466980,215.990387,66.499451,84.852997,0.746139,-1,-1,-1
67,3,1501.376709,486.390564,84.492065,91.701050,0.746139,-1,-1,-1
68,4,639.065979,216.626907,63.140137,77.696823,0.808067,-1,-1,-1
68,3,1499.818848,484.300232,83.036743,96.731262,0.746139,-1,-1,-1
69,4,639.030884,217.143951,63.190063,77.229401,0.808067,-1,-1,-1
69,3,1500.293213,483.549774,82.939453,90.829010,0.746139,-1,-1,-1
70,4,639.273560,216.931641,62.932556,77.365540,0.808067,-1,-1,-1
70,3,1499.981201,485.484100,82.492188,91.103485,0.746139,-1,-1,-1
71,4,639.639954,217.503845,63.357605,75.948486,0.808067,-1,-1,-1
71,3,1500.287476,484.662689,82.934937,90.947052,0.746139,-1,-1,-1
72,4,639.069458,217.143997,63.136597,77.796432,0.808067,-1,-1,-1
72,3,1500.149536,484.662598,83.829956,91.419617,0.746139,-1,-1,-1
73,4,661.378723,211.207306,64.213623,82.264740,0.808067,-1,-1,-1
73,3,1498.369019,484.037842,83.754517,90.568237,0.672332,-1,-1,-1
74,4,661.350403,210.459412,65.627502,83.021027,0.808067,-1,-1,-1
74,3,1498.559448,484.007629,83.931274,94.277893,0.746139,-1,-1,-1
75,4,661.350403,211.827850,65.627502,81.651459,0.808067,-1,-1,-1
75,3,1498.474243,484.474182,84.015991,94.177673,0.672332,-1,-1,-1
75,18,777.468018,654.837036,91.387085,101.424561,0.500000,-1,-1,-1
76,4,662.129395,212.777847,63.462891,81.584335,0.808067,-1,-1,-1
76,3,1499.154053,484.733093,82.953125,89.505615,0.672332,-1,-1,-1
77,4,661.673401,213.050858,63.927856,81.087387,0.808067,-1,-1,-1
77,3,1498.201538,485.483368,83.919434,96.059052,0.746139,-1,-1,-1
78,4,687.653992,207.901794,63.369629,79.346375,0.808067,-1,-1,-1
78,3,1497.269043,484.006989,84.109131,93.027313,0.672332,-1,-1,-1
79,4,687.459717,206.053940,63.535767,79.279495,0.808067,-1,-1,-1
79,3,1497.047974,484.035645,84.334106,89.504150,0.672332,-1,-1,-1
79,19,777.057251,652.918091,92.092407,102.325806,0.500000,-1,-1,-1
80,4,687.664856,206.041946,63.358093,79.732040,0.808067,-1,-1,-1
80,3,1496.997314,484.052399,84.385010,89.788971,0.672332,-1,-1,-1
80,19,774.985229,653.781982,94.320251,103.184631,0.500000,-1,-1,-1
81,4,687.068115,207.552612,64.439697,79.210510,0.808067,-1,-1,-1
81,3,1497.476563,483.560303,83.198730,95.237427,0.746139,-1,-1,-1
82,4,687.068115,204.876434,64.210144,80.308594,0.808067,-1,-1,-1
82,3,1497.388062,484.427765,82.268311,95.505341,0.746139,-1,-1,-1
82,20,774.649475,653.354126,95.317566,103.898926,0.500000,-1,-1,-1
83,4,714.386047,199.610596,64.063599,78.484802,0.746139,-1,-1,-1
83,3,1496.450439,484.008179,82.854004,88.671875,0.746139,-1,-1,-1
84,4,714.381958,200.645554,64.288879,77.472305,0.746139,-1,-1,-1
84,3,1496.395020,484.019073,83.542480,90.051361,0.672332,-1,-1,-1
84,21,776.887085,653.919312,93.882141,103.364075,0.500000,-1,-1,-1
85,4,713.566101,201.704681,64.062500,75.924133,0.746139,-1,-1,-1
85,3,1496.421631,484.015778,83.533691,90.553619,0.672332,-1,-1,-1
86,4,714.421631,200.626419,62.879517,76.197830,0.746139,-1,-1,-1
86,3,1496.429199,483.619995,83.523193,91.988403,0.672332,-1,-1,-1
87,4,714.353027,201.343552,64.272705,77.496780,0.746139,-1,-1,-1
87,3,1496.421631,484.035645,84.190186,90.031982,0.672332,-1,-1,-1
88,4,734.768066,191.406921,65.255737,83.880157,0.808067,-1,-1,-1
88,3,1496.796997,483.533203,82.544067,92.079834,0.746139,-1,-1,-1
89,4,734.756165,191.989105,64.842468,82.174896,0.808067,-1,-1,-1
89,3,1496.430420,483.603333,82.562500,89.851135,0.672332,-1,-1,-1
89,22,772.500122,653.786133,96.798828,102.730774,0.500000,-1,-1,-1
90,4,734.192749,190.953690,66.274963,84.357742,0.808067,-1,-1,-1
90,3,1496.027344,482.273346,83.313965,94.316437,0.746139,-1,-1,-1
90,22,772.614441,649.517761,97.261292,105.720642,0.500000,-1,-1,-1
91,4,734.195190,190.705948,65.853149,84.613449,0.808067,-1,-1,-1
91,3,1496.052124,482.104889,83.944458,95.402618,0.746139,-1,-1,-1
92,4,734.437988,190.593109,66.031189,84.693604,0.808067,-1,-1,-1
92,3,1496.442139,481.838837,84.214111,88.848663,0.746139,-1,-1,-1
93,4,753.298157,194.397125,62.691406,76.742249,0.746139,-1,-1,-1
93,3,1496.486450,483.595917,84.178589,90.684906,0.746139,-1,-1,-1
94,4,753.626160,195.951416,62.392029,75.871704,0.746139,-1,-1,-1
94,3,1495.604248,483.178986,83.411377,93.389496,0.746139,-1,-1,-1
95,4,752.750916,194.651001,63.238586,77.165497,0.746139,-1,-1,-1
95,3,1495.996460,483.153900,82.406128,93.926605,0.746139,-1,-1,-1
96,4,752.943237,195.757187,63.039063,78.000748,0.746139,-1,-1,-1
96,3,1496.027588,483.375183,83.315430,92.221436,0.746139,-1,-1,-1
97,4,753.624268,196.351776,61.641113,74.694611,0.746139,-1,-1,-1
97,3,1495.539673,483.178894,83.465454,93.435608,0.746139,-1,-1,-1
98,4,767.263062,191.907394,63.449585,68.979813,0.808067,-1,-1,-1
98,3,1495.917725,484.065125,83.377441,88.489807,0.672332,-1,-1,-1
99,4,766.888428,192.112473,63.619873,69.293228,0.808067,-1,-1,-1
99,3,1495.483765,484.035370,84.477905,89.685577,0.672332,-1,-1,-1
100,4,767.256958,190.830093,63.453613,69.876266,0.808067,-1,-1,-1
100,3,1495.545654,484.032349,84.372070,91.017822,0.746139,-1,-1,-1
101,4,767.259399,191.665100,63.453247,69.738586,0.808067,-1,-1,-1
101,3,1495.949707,483.636749,83.327637,86.563568,0.672332,-1,-1,-1
102,4,766.150330,191.891235,63.769226,69.512451,0.808067,-1,-1,-1
102,3,1495.500000,483.420044,83.490723,93.193848,0.746139,-1,-1,-1
103,4,779.518799,193.142761,63.774414,73.237518,0.746139,-1,-1,-1
103,3,1495.932251,484.445251,83.998779,86.634827,0.672332,-1,-1,-1
103,23,773.352722,649.198059,94.074097,107.273804,0.500000,-1,-1,-1
104,4,779.518799,193.136215,63.770630,72.235062,0.746139,-1,-1,-1
104,3,1494.720215,484.484161,85.218506,85.718353,0.672332,-1,-1,-1
104,23,772.350220,650.172485,97.569092,107.093628,0.500000,-1,-1,-1
105,4,779.604126,193.276566,62.981140,72.472824,0.746139,-1,-1,-1
105,3,1495.302002,483.564056,84.310791,88.138092,0.746139,-1,-1,-1
105,23,772.659912,649.191833,94.047119,108.194458,0.500000,-1,-1,-1
106,4,779.752258,192.804977,62.473206,71.582382,0.746139,-1,-1,-1
106,3,1495.287720,483.144287,85.323853,85.205750,0.672332,-1,-1,-1
106,23,773.255615,649.207520,94.838501,107.198120,0.500000,-1,-1,-1
107,4,780.109863,193.236511,62.117615,73.354797,0.746139,-1,-1,-1
107,3,1494.800293,483.563965,85.835693,89.105713,0.746139,-1,-1,-1
108,3,1493.595459,485.009399,86.322021,84.846313,0.746139,-1,-1,-1
108,4,789.395996,200.866013,62.343628,76.665115,0.672332,-1,-1,-1
108,23,774.877441,653.324524,93.691589,103.000061,0.500000,-1,-1,-1
109,3,1494.163940,484.997131,84.131958,85.778625,0.746139,-1,-1,-1
109,4,789.393127,200.909409,62.463135,75.280411,0.672332,-1,-1,-1
109,23,774.051392,652.919800,95.817688,104.372070,0.500000,-1,-1,-1
110,3,1493.582275,485.265656,85.346924,86.490936,0.746139,-1,-1,-1
110,4,789.390259,196.852432,64.853638,73.885361,0.672332,-1,-1,-1
110,23,774.757324,653.713867,93.831665,103.799133,0.500000,-1,-1,-1
111,4,789.398193,199.458115,62.861267,76.795792,0.672332,-1,-1,-1
111,3,1494.155640,484.700043,84.776978,82.775665,0.672332,-1,-1,-1
111,23,774.145874,653.086487,94.801819,104.328003,0.500000,-1,-1,-1
112,3,1494.180420,484.460083,85.735352,86.655151,0.746139,-1,-1,-1
112,4,789.387207,197.138626,64.470703,72.943710,0.672332,-1,-1,-1
112,23,773.912720,650.608643,92.779175,106.426025,0.500000,-1,-1,-1
113,4,796.293640,207.574631,66.179016,83.767838,0.746139,-1,-1,-1
113,3,1493.586426,483.549225,85.394287,90.170624,0.672332,-1,-1,-1
113,23,774.768127,650.878967,91.969849,106.377625,0.500000,-1,-1,-1
114,4,795.283325,205.687134,67.967224,86.488953,0.746139,-1,-1,-1
114,3,1492.690186,482.517700,86.574707,86.951904,0.672332,-1,-1,-1
114,23,776.173584,651.598755,89.845337,105.546143,0.500000,-1,-1,-1
115,4,796.319702,207.095673,65.781372,86.364624,0.808067,-1,-1,-1
115,3,1493.578247,483.368225,86.360474,88.535217,0.672332,-1,-1,-1
115,23,774.050171,651.070129,91.460327,108.143250,0.588889,-1,-1,-1
116,4,795.964111,207.498505,66.514893,84.787018,0.746139,-1,-1,-1
116,3,1493.586426,483.488525,85.708496,89.409302,0.672332,-1,-1,-1
116,23,773.370667,650.001953,92.371155,107.254761,0.500000,-1,-1,-1
117,4,803.373779,213.538834,63.227783,77.724564,0.746139,-1,-1,-1
117,3,1492.718018,483.179443,85.107300,91.934937,0.746139,-1,-1,-1
117,23,774.825623,650.827637,89.910217,106.183655,0.588889,-1,-1,-1
118,4,803.050598,212.666290,64.927185,80.618134,0.808067,-1,-1,-1
118,3,1493.606934,483.397797,84.785156,93.968048,0.746139,-1,-1,-1
118,23,774.171509,650.249878,90.931030,106.104370,0.588889,-1,-1,-1
119,4,803.442810,214.102203,63.853210,79.250763,0.808067,-1,-1,-1
119,3,1493.614502,483.013916,84.783936,92.190186,0.746139,-1,-1,-1
119,23,774.729614,652.175293,89.188599,104.133301,0.500000,-1,-1,-1
120,4,803.124390,213.397568,64.171143,79.413834,0.808067,-1,-1,-1
120,3,1492.980713,484.729706,86.029053,90.903229,0.746139,-1,-1,-1
120,23,772.987671,649.720215,91.722961,106.441406,0.588889,-1,-1,-1
121,4,803.426331,212.489136,64.551453,81.445435,0.808067,-1,-1,-1
121,3,1493.603271,483.568176,85.698730,90.854004,0.746139,-1,-1,-1
121,23,774.189331,651.072510,89.872192,105.141602,0.500000,-1,-1,-1
122,4,807.880920,220.262833,67.983032,81.804184,0.746139,-1,-1,-1
122,3,1495.516235,482.534729,84.111450,96.914246,0.746139,-1,-1,-1
122,23,775.027039,651.166870,90.826355,105.050415,0.588889,-1,-1,-1
123,4,808.515137,219.804474,67.492737,81.948090,0.746139,-1,-1,-1
123,3,1495.434814,483.579987,83.869629,91.947601,0.672332,-1,-1,-1
124,4,807.651367,221.052567,68.356506,84.267654,0.746139,-1,-1,-1
124,3,1494.692871,483.971466,84.602539,90.079376,0.672332,-1,-1,-1
124,23,774.989502,650.422241,90.863892,105.784485,0.500000,-1,-1,-1
125,4,808.077759,219.804932,67.657959,82.001648,0.746139,-1,-1,-1
125,3,1494.173462,484.008087,84.811401,95.271149,0.746139,-1,-1,-1
125,23,775.686279,650.829468,89.914429,106.574036,0.500000,-1,-1,-1
126,4,807.880920,221.054855,67.740234,81.976761,0.746139,-1,-1,-1
126,3,1494.968628,483.603241,83.383301,92.016815,0.672332,-1,-1,-1
126,23,774.975952,650.825684,89.782288,105.331604,0.500000,-1,-1,-1
127,4,815.971802,224.729553,71.286072,91.929749,0.746139,-1,-1,-1
127,3,1495.436523,484.464294,82.834717,86.492493,0.672332,-1,-1,-1
128,4,817.116455,224.971802,68.273010,93.884338,0.808067,-1,-1,-1
128,3,1494.692261,483.599487,83.646362,91.036499,0.672332,-1,-1,-1
128,23,773.379272,649.738892,92.666748,107.275269,0.500000,-1,-1,-1
129,4,815.991028,224.784073,71.243347,93.899765,0.808067,-1,-1,-1
129,3,1495.442383,483.557922,83.490967,87.397156,0.672332,-1,-1,-1
130,4,815.991028,224.784073,71.247253,93.899765,0.808067,-1,-1,-1
130,3,1495.442383,483.557922,83.510010,92.493164,0.672332,-1,-1,-1
131,4,815.985840,223.095337,70.136597,94.739685,0.808067,-1,-1,-1
131,3,1495.441284,483.339020,83.508301,90.153290,0.672332,-1,-1,-1
132,4,825.506348,230.920853,70.361145,90.504196,0.808067,-1,-1,-1
132,3,1494.221069,483.948669,85.723511,92.267517,0.672332,-1,-1,-1
132,23,774.797607,650.438354,92.022766,104.757996,0.500000,-1,-1,-1
133,4,826.645569,232.630142,69.066101,88.780014,0.808067,-1,-1,-1
133,3,1495.896484,483.557556,83.697632,84.166565,0.672332,-1,-1,-1
134,4,826.010254,232.633209,69.743286,88.066925,0.808067,-1,-1,-1
134,3,1495.448975,484.019073,83.469849,86.173553,0.672332,-1,-1,-1
135,4,826.130981,233.295227,69.094543,87.411804,0.808067,-1,-1,-1
135,3,1495.896484,483.996552,83.687500,84.744049,0.672332,-1,-1,-1
135,23,774.729980,650.191040,92.630005,106.117310,0.500000,-1,-1,-1
136,4,826.257080,233.281815,69.820618,88.838364,0.808067,-1,-1,-1
136,3,1494.786621,483.930267,85.825562,92.188629,0.672332,-1,-1,-1
136,23,773.314697,649.895691,95.499878,113.928650,0.500000,-1,-1,-1
137,4,836.687134,239.930374,70.272522,86.661362,0.808067,-1,-1,-1
137,3,1494.957886,485.808563,87.150757,90.357147,0.672332,-1,-1,-1
137,23,775.340454,650.006836,91.503418,104.319458,0.500000,-1,-1,-1
138,4,836.694214,241.124268,69.071533,85.518188,0.808067,-1,-1,-1
138,3,1494.734375,485.797577,87.355469,88.947540,0.672332,-1,-1,-1
138,23,775.776672,652.068237,92.413635,104.032715,0.588889,-1,-1,-1
139,4,835.999634,239.607056,70.976501,86.998901,0.808067,-1,-1,-1
139,3,1495.235107,485.248810,87.630371,89.008636,0.672332,-1,-1,-1
139,23,776.164673,651.518738,92.026367,104.448853,0.588889,-1,-1,-1
140,4,835.037720,240.271637,71.354370,85.630219,0.746139,-1,-1,-1
140,3,1495.921021,485.192963,86.545776,83.334991,0.672332,-1,-1,-1
140,23,776.671509,650.163330,90.844666,104.671631,0.500000,-1,-1,-1
141,4,836.003174,238.859482,70.375610,87.732193,0.808067,-1,-1,-1
141,3,1494.721436,485.797577,88.505615,91.570953,0.672332,-1,-1,-1
141,23,775.339966,649.869141,92.180542,107.302979,0.588889,-1,-1,-1
142,4,851.380188,242.967041,70.766418,89.432129,0.746139,-1,-1,-1
142,3,1497.906006,486.951416,88.747070,90.195435,0.672332,-1,-1,-1
142,23,774.797729,649.821167,91.296082,106.030334,0.500000,-1,-1,-1
143,4,851.489624,244.026672,71.169556,90.067657,0.808067,-1,-1,-1
143,3,1498.198853,487.855499,87.660400,89.302460,0.672332,-1,-1,-1
143,23,775.026489,649.865601,90.114380,106.217896,0.588889,-1,-1,-1
144,4,851.124939,243.856567,70.269348,87.783691,0.808067,-1,-1,-1
144,3,1497.997803,486.326752,89.357788,89.287811,0.672332,-1,-1,-1
144,23,774.743896,650.000977,91.151001,106.143311,0.500000,-1,-1,-1
145,4,851.601929,243.423203,70.054138,88.975937,0.746139,-1,-1,-1
145,3,1498.693481,486.935303,87.903442,89.750366,0.672332,-1,-1,-1
145,23,773.540222,650.158264,92.349426,105.997375,0.500000,-1,-1,-1
146,4,851.517151,243.162003,69.473816,89.585953,0.746139,-1,-1,-1
146,3,1498.247437,486.951416,88.396973,90.135315,0.672332,-1,-1,-1
147,4,865.853027,252.926788,72.048706,89.370148,0.808067,-1,-1,-1
147,3,1498.819946,487.625977,87.806030,85.689087,0.672332,-1,-1,-1
147,23,776.394043,653.115112,92.828491,104.392822,0.500000,-1,-1,-1
148,4,865.853027,252.882980,72.070496,89.432510,0.808067,-1,-1,-1
148,3,1498.980713,487.941467,87.645264,85.162720,0.672332,-1,-1,-1
148,23,776.173706,651.109985,90.641174,105.065918,0.500000,-1,-1,-1
149,4,866.226807,253.959137,71.269348,89.029510,0.808067,-1,-1,-1
149,3,1498.980713,487.955200,87.633545,85.124146,0.672332,-1,-1,-1
149,23,773.980835,650.006348,92.809937,107.385986,0.500000,-1,-1,-1
150,4,865.495605,253.173294,72.001587,89.814377,0.808067,-1,-1,-1
150,3,1498.001709,487.946136,90.469971,85.568634,0.588889,-1,-1,-1
150,23,774.752747,653.279907,94.536255,106.184570,0.588889,-1,-1,-1
151,4,866.226807,253.174072,71.266418,89.211487,0.808067,-1,-1,-1
151,3,1499.110352,486.982635,87.541016,85.377228,0.672332,-1,-1,-1
151,23,774.753662,650.163391,92.096375,106.866760,0.500000,-1,-1,-1
152,4,885.407043,261.446411,73.080017,91.639893,0.808067,-1,-1,-1
152,3,1502.352295,488.584717,87.251709,82.319092,0.588889,-1,-1,-1
152,23,776.547729,649.995605,90.356506,106.073608,0.500000,-1,-1,-1
153,4,884.701782,263.228577,72.688599,88.871429,0.808067,-1,-1,-1
153,3,1505.377686,488.567230,83.641968,79.916901,0.588889,-1,-1,-1
153,23,775.690063,651.267090,90.697754,105.831055,0.588889,-1,-1,-1
154,4,885.404663,262.611328,73.078003,88.750671,0.808067,-1,-1,-1
154,3,1499.970337,487.946594,88.222412,83.826782,0.588889,-1,-1,-1
154,23,776.548218,650.915527,90.301453,104.372070,0.500000,-1,-1,-1
155,4,885.404663,262.235779,73.078003,89.149658,0.808067,-1,-1,-1
155,3,1501.258179,489.358429,86.124634,82.587067,0.672332,-1,-1,-1
155,23,776.533325,649.786255,90.335083,106.127075,0.588889,-1,-1,-1
156,4,885.402283,260.493408,73.828491,92.640228,0.808067,-1,-1,-1
156,3,1502.223145,487.889832,86.489990,81.643616,0.672332,-1,-1,-1
156,23,775.857788,650.417358,91.811890,104.709229,0.500000,-1,-1,-1
157,4,906.218384,261.296631,75.611938,101.005280,0.746139,-1,-1,-1
157,3,1500.997314,489.690308,88.189453,80.400146,0.588889,-1,-1,-1
157,23,777.029846,652.265137,92.980164,104.689575,0.500000,-1,-1,-1
158,4,906.854492,261.335541,75.710083,100.719452,0.746139,-1,-1,-1
158,3,1504.256592,489.397247,85.379150,79.718719,0.672332,-1,-1,-1
158,23,774.089966,652.671265,95.158936,105.539001,0.588889,-1,-1,-1
159,4,906.245850,261.297302,75.584473,100.310089,0.746139,-1,-1,-1
159,3,1502.250854,490.133240,86.764404,80.150085,0.672332,-1,-1,-1
159,23,777.050354,653.889282,92.769836,104.098328,0.588889,-1,-1,-1
160,4,906.245850,261.335541,75.222351,100.257111,0.746139,-1,-1,-1
160,3,1500.954590,489.344513,87.930908,81.372345,0.588889,-1,-1,-1
160,23,777.257813,654.046753,91.838562,103.942017,0.588889,-1,-1,-1
161,4,906.239868,261.721802,75.590454,99.885773,0.746139,-1,-1,-1
161,3,1502.656250,489.397980,86.991699,80.708771,0.672332,-1,-1,-1
161,23,777.492798,653.736877,92.464539,102.448792,0.500000,-1,-1,-1
162,4,931.944946,270.272278,71.346558,94.697021,0.746139,-1,-1,-1
162,3,1505.707886,489.344879,84.126953,81.656219,0.588889,-1,-1,-1
162,23,774.314697,651.799683,93.121643,105.876099,0.500000,-1,-1,-1
163,4,930.365295,271.887939,72.924316,93.669586,0.746139,-1,-1,-1
163,3,1510.963379,490.402863,78.725708,78.187103,0.588889,-1,-1,-1
163,23,774.181274,650.213013,92.761414,106.882568,0.500000,-1,-1,-1
164,4,931.961792,270.880249,72.076660,94.091339,0.808067,-1,-1,-1
164,3,1507.572754,489.411987,82.106934,82.392334,0.672332,-1,-1,-1
164,23,775.887634,652.053833,93.984802,107.815369,0.588889,-1,-1,-1
165,4,931.034424,271.024841,71.358521,93.354767,0.746139,-1,-1,-1
165,3,1510.467285,491.150024,79.795898,78.126099,0.588889,-1,-1,-1
165,23,774.067932,649.020508,92.867798,109.095276,0.500000,-1,-1,-1
166,4,931.329346,272.482910,71.608887,91.740967,0.808067,-1,-1,-1
166,3,1507.592896,490.507233,82.628784,80.523529,0.672332,-1,-1,-1
166,23,774.319336,651.047974,93.163818,106.428101,0.500000,-1,-1,-1
167,4,953.560791,275.565369,72.815918,96.371368,0.746139,-1,-1,-1
167,3,1513.011230,491.138672,77.271484,77.284790,0.588889,-1,-1,-1
168,4,954.389160,276.370667,71.985840,95.589417,0.746139,-1,-1,-1
168,3,1511.733032,491.150024,77.974365,76.518555,0.588889,-1,-1,-1
169,4,954.406494,277.597656,71.968628,95.842194,0.746139,-1,-1,-1
169,3,1508.278076,491.148010,81.497803,77.725281,0.588889,-1,-1,-1
170,4,954.396057,276.274109,71.401550,96.402283,0.746139,-1,-1,-1
170,3,1511.937256,491.139038,78.326050,76.636414,0.588889,-1,-1,-1
171,4,955.020874,276.538208,71.675293,97.332031,0.746139,-1,-1,-1
171,3,1507.787354,490.778687,82.783203,78.623169,0.588889,-1,-1,-1
172,4,972.457642,279.807953,75.543579,101.228485,0.746139,-1,-1,-1
172,3,1511.037598,491.867249,81.145386,77.082214,0.500000,-1,-1,-1
173,4,971.991028,279.812012,75.616882,100.733612,0.746139,-1,-1,-1
173,3,1512.204102,492.655334,80.016602,77.618774,0.500000,-1,-1,-1
174,4,972.234924,282.668335,75.330383,98.213654,0.808067,-1,-1,-1
174,3,1511.758057,490.761932,79.878662,78.120636,0.500000,-1,-1,-1
175,4,972.121094,280.552856,75.486816,99.995972,0.746139,-1,-1,-1
175,3,1513.725098,491.890778,78.007568,76.937714,0.588889,-1,-1,-1
176,4,972.121216,279.977692,75.441528,101.058929,0.746139,-1,-1,-1
176,3,1500.514282,490.017151,90.602905,80.925964,0.500000,-1,-1,-1
177,4,988.976624,288.070435,75.990417,105.532440,0.808067,-1,-1,-1
177,3,1506.340332,493.418610,88.580811,80.346588,0.672332,-1,-1,-1
178,4,989.578674,284.104675,76.144470,106.507446,0.808067,-1,-1,-1
178,3,1506.775269,492.657898,86.969604,79.682312,0.672332,-1,-1,-1
179,4,988.970337,289.423920,76.685425,103.715698,0.808067,-1,-1,-1
179,3,1507.579590,492.616882,85.819580,79.201538,0.672332,-1,-1,-1
180,4,988.936707,287.998596,75.978210,103.740082,0.808067,-1,-1,-1
180,3,1507.717285,493.382080,87.151367,79.886902,0.672332,-1,-1,-1
181,4,1001.038208,303.956787,74.901489,97.719757,0.746139,-1,-1,-1
181,3,1511.214111,494.539581,83.360840,82.297211,0.672332,-1,-1,-1
182,4,1001.293823,303.949860,75.328247,97.137726,0.746139,-1,-1,-1
182,3,1511.244629,494.183167,83.342041,82.002991,0.672332,-1,-1,-1
183,4,1001.008423,303.195282,75.724609,99.273651,0.808067,-1,-1,-1
183,3,1511.266357,493.442688,83.186523,83.138855,0.672332,-1,-1,-1
184,4,1001.824951,304.974243,73.453735,95.079529,0.746139,-1,-1,-1
184,3,1511.253174,495.261658,83.960205,82.029724,0.672332,-1,-1,-1
185,4,1001.293823,306.217407,74.645142,95.497223,0.746139,-1,-1,-1
185,3,1510.504883,494.548737,84.217041,80.912811,0.672332,-1,-1,-1
186,4,1018.341980,317.001801,75.578674,105.565247,0.808067,-1,-1,-1
186,3,1514.640869,497.561554,82.641846,84.741913,0.672332,-1,-1,-1
187,4,1018.341980,317.471863,76.308411,104.041138,0.808067,-1,-1,-1
187,3,1514.660400,497.565491,82.406738,84.280945,0.672332,-1,-1,-1
188,4,1018.245239,318.878357,76.193848,102.985199,0.808067,-1,-1,-1
188,3,1514.640625,497.561462,82.732422,84.287781,0.672332,-1,-1,-1
189,4,1017.746216,319.285583,77.079712,102.864807,0.808067,-1,-1,-1
189,3,1514.627441,496.954102,82.534546,84.895142,0.746139,-1,-1,-1
190,4,1018.342041,317.473755,75.979248,105.128082,0.808067,-1,-1,-1
190,3,1514.627686,497.560364,82.810303,85.425720,0.672332,-1,-1,-1
191,4,1024.053955,328.052856,79.934814,106.757355,0.808067,-1,-1,-1
191,3,1513.905273,495.156006,84.011719,80.273071,0.672332,-1,-1,-1
192,4,1024.023804,325.061218,79.965942,109.570374,0.808067,-1,-1,-1
192,3,1514.254517,496.256195,83.123901,80.719757,0.746139,-1,-1,-1
193,4,1024.699951,329.079468,79.282837,105.740448,0.808067,-1,-1,-1
193,3,1514.604614,495.952332,83.590942,82.406433,0.746139,-1,-1,-1
194,4,1023.994385,324.883789,78.872437,109.736816,0.808067,-1,-1,-1
194,3,1515.311768,495.940063,82.836182,81.746887,0.746139,-1,-1,-1
195,4,1024.039673,327.864868,79.196167,106.696411,0.808067,-1,-1,-1
195,3,1513.512085,496.595490,84.634644,80.111115,0.746139,-1,-1,-1
196,4,1034.580811,346.524048,77.798096,99.795074,0.746139,-1,-1,-1
196,3,1515.995850,498.141449,81.214600,83.039459,0.672332,-1,-1,-1
197,4,1034.579102,343.940857,78.414429,103.450989,0.746139,-1,-1,-1
197,3,1516.001221,498.127716,81.906250,82.123993,0.746139,-1,-1,-1
198,4,1036.026367,345.707214,76.444214,101.782410,0.808067,-1,-1,-1
198,3,1515.328613,498.142181,82.532104,83.685699,0.746139,-1,-1,-1
199,4,1034.220459,345.631165,78.172363,101.059113,0.746139,-1,-1,-1
199,3,1515.319458,498.678955,82.812134,82.510132,0.746139,-1,-1,-1
200,4,1036.026367,346.647095,76.472412,100.842529,0.808067,-1,-1,-1
200,3,1516.014160,498.669525,81.844727,81.582184,0.746139,-1,-1,-1
201,4,1049.817627,359.888855,78.177124,101.261536,0.746139,-1,-1,-1
201,3,1516.650757,498.669617,81.942993,84.293152,0.746139,-1,-1,-1
202,4,1049.807129,358.201538,78.185303,100.584137,0.808067,-1,-1,-1
202,3,1516.001343,498.400269,82.290161,82.991699,0.746139,-1,-1,-1
203,4,1050.651123,356.990387,76.592285,102.259644,0.808067,-1,-1,-1
203,3,1515.323364,498.669617,83.416260,84.877502,0.746139,-1,-1,-1
204,4,1049.794800,358.428955,78.196655,100.101288,0.808067,-1,-1,-1
204,3,1516.002563,498.918732,82.734741,80.363373,0.746139,-1,-1,-1
205,4,1049.795410,357.454559,78.200684,101.444000,0.808067,-1,-1,-1
205,3,1515.995850,498.922028,82.296265,85.579376,0.746139,-1,-1,-1
206,3,1515.294678,498.672638,82.590332,85.426483,0.808067,-1,-1,-1
206,4,1064.450317,363.974396,83.512329,107.739349,0.746139,-1,-1,-1
207,3,1516.312988,498.662750,81.722656,85.168304,0.808067,-1,-1,-1
207,4,1064.459229,364.504395,82.525391,107.894348,0.746139,-1,-1,-1
208,4,1064.709473,364.504486,83.930298,106.805237,0.746139,-1,-1,-1
208,3,1515.302002,498.668152,82.742554,86.904358,0.746139,-1,-1,-1
209,4,1063.993042,365.020477,83.934082,107.008209,0.746139,-1,-1,-1
209,3,1515.977417,499.168854,82.338867,86.219574,0.746139,-1,-1,-1
210,4,1063.986816,364.504852,83.302002,107.926941,0.746139,-1,-1,-1
210,3,1515.294800,498.671173,82.938721,86.146698,0.746139,-1,-1,-1
211,3,1514.587891,498.923401,83.298584,91.339539,0.808067,-1,-1,-1
211,4,1078.849609,372.816925,85.905151,112.897247,0.672332,-1,-1,-1
212,4,1079.254883,375.696533,85.452393,110.686157,0.746139,-1,-1,-1
212,3,1515.330811,498.136871,84.053955,88.845612,0.746139,-1,-1,-1
213,4,1078.884033,373.758636,86.099976,111.987854,0.746139,-1,-1,-1
213,3,1514.249512,497.550476,85.157349,91.535217,0.746139,-1,-1,-1
214,4,1079.967163,370.835175,84.924927,114.170746,0.746139,-1,-1,-1
214,3,1515.323975,497.561646,84.030273,90.622925,0.746139,-1,-1,-1
215,3,1514.232300,498.928894,83.940308,91.536926,0.746139,-1,-1,-1
215,4,1079.962769,373.192108,85.190063,113.201477,0.672332,-1,-1,-1
216,4,1096.954956,391.488647,85.656982,106.218201,0.746139,-1,-1,-1
216,3,1516.359863,496.930115,81.357300,80.802795,0.672332,-1,-1,-1
217,4,1096.954956,390.291321,84.844849,108.171112,0.746139,-1,-1,-1
217,3,1516.680908,496.935791,81.119751,82.108032,0.672332,-1,-1,-1
218,4,1097.201660,391.464386,83.638184,106.860077,0.746139,-1,-1,-1
218,3,1516.041382,497.547363,81.875000,81.818359,0.672332,-1,-1,-1
219,4,1097.719360,390.227966,85.287231,108.927521,0.746139,-1,-1,-1
219,3,1516.027100,497.540771,81.769775,82.645569,0.672332,-1,-1,-1
220,4,1097.666992,391.256287,83.677002,107.395203,0.746139,-1,-1,-1
220,3,1516.664307,497.256500,81.019531,86.048553,0.672332,-1,-1,-1
221,4,1117.971313,391.574615,86.131226,117.629883,0.746139,-1,-1,-1
221,3,1515.976074,492.459229,79.668945,81.387268,0.588889,-1,-1,-1
222,4,1117.606812,395.006378,85.058960,114.680054,0.672332,-1,-1,-1
222,3,1515.976074,493.627075,80.029419,81.065918,0.672332,-1,-1,-1
223,4,1117.929932,395.111023,84.713623,115.198334,0.672332,-1,-1,-1
223,3,1515.973145,492.909760,80.031616,83.044586,0.588889,-1,-1,-1
224,4,1117.606934,392.986725,86.075928,115.501282,0.672332,-1,-1,-1
224,3,1515.293213,492.471588,81.071167,87.302216,0.588889,-1,-1,-1
225,4,1118.464478,393.884033,84.954956,115.739960,0.746139,-1,-1,-1
225,3,1515.293213,493.620758,81.751587,86.077057,0.672332,-1,-1,-1
226,4,1139.182739,400.038757,85.734009,117.582703,0.808067,-1,-1,-1
226,3,1511.218872,493.363770,85.870972,92.821655,0.672332,-1,-1,-1
227,4,1140.728516,406.682556,84.386353,112.074646,0.746139,-1,-1,-1
227,3,1510.848999,494.490051,85.873657,92.590759,0.672332,-1,-1,-1
228,4,1140.258545,406.682556,84.482056,112.753479,0.746139,-1,-1,-1
228,3,1511.197754,493.356354,86.178223,95.071503,0.588889,-1,-1,-1
229,4,1140.119995,406.118866,83.857300,112.102325,0.746139,-1,-1,-1
229,3,1511.977295,492.653687,84.857300,93.531616,0.588889,-1,-1,-1
230,4,1140.338745,405.764923,84.752441,113.542938,0.746139,-1,-1,-1
230,3,1511.191895,492.700745,85.580078,97.484253,0.672332,-1,-1,-1
231,4,1159.528687,416.625549,88.397949,112.962219,0.746139,-1,-1,-1
231,3,1511.243896,491.903137,85.269775,88.783081,0.672332,-1,-1,-1
232,4,1159.938843,416.591583,87.948853,112.138275,0.808067,-1,-1,-1
232,3,1510.874023,491.173279,85.606079,89.941772,0.672332,-1,-1,-1
233,4,1159.982422,416.045380,87.879395,112.680817,0.808067,-1,-1,-1
233,3,1509.368164,492.922852,87.069092,85.610046,0.672332,-1,-1,-1
234,4,1159.925781,418.227173,88.826172,111.409790,0.746139,-1,-1,-1
234,3,1511.230469,492.663757,85.378174,87.722107,0.746139,-1,-1,-1
235,4,1159.985107,416.984344,88.653076,111.478546,0.808067,-1,-1,-1
235,3,1511.987793,492.675934,84.285034,89.261932,0.672332,-1,-1,-1
236,4,1178.212891,431.571533,87.155273,115.959595,0.746139,-1,-1,-1
236,3,1510.083008,492.738281,85.897217,99.038086,0.746139,-1,-1,-1
237,4,1179.274780,431.548187,86.096436,116.804901,0.746139,-1,-1,-1
237,3,1508.614868,492.692505,88.035278,99.258789,0.672332,-1,-1,-1
238,4,1179.274780,430.902832,86.690430,117.357910,0.746139,-1,-1,-1
238,3,1507.909668,493.442230,88.733643,99.620453,0.672332,-1,-1,-1
239,4,1178.572144,431.586273,86.875610,115.192657,0.746139,-1,-1,-1
239,3,1508.634277,493.465759,87.899414,96.988403,0.672332,-1,-1,-1
240,4,1192.483521,445.325684,87.583008,109.945190,0.672332,-1,-1,-1
240,3,1506.273315,493.797821,90.086060,105.122223,0.672332,-1,-1,-1
241,4,1191.812622,447.564331,88.133911,106.275879,0.672332,-1,-1,-1
241,3,1506.277100,491.924744,90.035400,108.060242,0.672332,-1,-1,-1
242,3,1507.852783,492.766205,87.547729,104.415985,0.746139,-1,-1,-1
242,4,1192.491211,446.150940,87.042725,106.716370,0.672332,-1,-1,-1
243,4,1192.491211,445.443512,88.123291,107.868011,0.672332,-1,-1,-1
243,3,1507.504150,493.067688,88.864014,109.141418,0.672332,-1,-1,-1
244,4,1191.968750,446.606781,87.566406,108.891266,0.672332,-1,-1,-1
244,3,1507.822754,491.990753,88.035645,103.596771,0.672332,-1,-1,-1
245,3,1508.632080,491.246613,85.361816,97.686737,0.746139,-1,-1,-1
245,4,1215.790161,475.943298,84.670044,105.662659,0.672332,-1,-1,-1
246,3,1506.324585,492.690491,88.804077,97.383179,0.746139,-1,-1,-1
246,4,1216.019775,475.266907,84.440430,106.668762,0.672332,-1,-1,-1
247,3,1508.591553,492.767029,85.895020,97.963684,0.746139,-1,-1,-1
247,4,1215.718018,476.591217,84.518188,103.150970,0.672332,-1,-1,-1
248,3,1507.609741,491.939117,87.518677,98.015900,0.746139,-1,-1,-1
248,4,1216.286255,475.722931,83.206177,105.342255,0.672332,-1,-1,-1
249,3,1507.607300,492.673920,87.518921,97.229156,0.746139,-1,-1,-1
249,4,1215.827637,477.150787,83.692871,103.595490,0.672332,-1,-1,-1
250,3,1505.022339,490.418152,90.271606,100.169006,0.746139,-1,-1,-1
250,4,1227.273560,504.318787,80.967651,111.005554,0.672332,-1,-1,-1
251,3,1506.245239,490.002045,88.239868,98.915436,0.746139,-1,-1,-1
251,4,1229.656006,504.339386,78.873779,110.247284,0.588889,-1,-1,-1
252,3,1506.206909,490.137726,87.888306,101.452118,0.746139,-1,-1,-1
252,4,1228.401855,504.899323,80.206543,108.525604,0.588889,-1,-1,-1
253,3,1506.173584,488.649536,88.288330,103.036377,0.746139,-1,-1,-1
253,4,1227.999878,512.586426,78.255005,103.701416,0.672332,-1,-1,-1
254,3,1506.822510,489.377014,87.552002,101.598633,0.746139,-1,-1,-1
254,4,1228.965454,510.421234,79.829468,105.145172,0.672332,-1,-1,-1
255,3,1504.780884,489.276215,88.653076,99.860321,0.746139,-1,-1,-1
255,4,1235.378662,506.131531,92.781494,121.601501,0.672332,-1,-1,-1
256,3,1504.170166,491.133636,89.728149,98.773590,0.746139,-1,-1,-1
256,4,1234.946411,500.361786,95.962036,126.078033,0.672332,-1,-1,-1
257,3,1505.306152,490.005432,87.398193,98.801575,0.746139,-1,-1,-1
257,4,1235.254150,506.304291,92.765625,120.531647,0.672332,-1,-1,-1
258,3,1505.010498,490.033356,89.189941,99.110138,0.808067,-1,-1,-1
258,4,1234.844849,513.920105,91.754517,114.662415,0.672332,-1,-1,-1
259,3,1504.852295,490.005432,88.625732,99.600525,0.746139,-1,-1,-1
259,4,1234.672485,503.758942,93.866943,124.021698,0.672332,-1,-1,-1
260,3,1504.962280,490.043335,88.689941,100.911621,0.746139,-1,-1,-1
260,4,1242.296753,519.989868,97.425781,125.026611,0.672332,-1,-1,-1
261,3,1505.309570,489.234192,86.979614,101.711426,0.746139,-1,-1,-1
261,4,1241.671509,519.210449,97.067627,125.057678,0.672332,-1,-1,-1
262,3,1505.687744,489.276398,87.425049,102.524750,0.746139,-1,-1,-1
262,4,1241.740845,520.376343,97.009399,125.092651,0.672332,-1,-1,-1
262,25,810.223145,732.359619,117.591492,133.809570,0.500000,-1,-1,-1
263,3,1504.731567,488.610352,87.981323,102.297729,0.746139,-1,-1,-1
263,4,1241.722290,521.396851,96.949829,123.515015,0.672332,-1,-1,-1
264,3,1504.963379,491.107727,87.722412,99.715393,0.746139,-1,-1,-1
264,4,1242.255127,519.383789,95.632202,129.233276,0.746139,-1,-1,-1
264,26,811.076477,731.398071,117.913635,127.858032,0.500000,-1,-1,-1
265,3,1504.960938,491.193878,87.112793,99.691376,0.746139,-1,-1,-1
265,4,1252.512695,529.191040,98.395752,130.341675,0.588889,-1,-1,-1
266,3,1504.913574,490.402405,87.200195,101.238464,0.746139,-1,-1,-1
266,4,1251.528809,529.242920,99.375854,130.062561,0.588889,-1,-1,-1
266,27,810.438171,734.496948,118.458557,127.785278,0.500000,-1,-1,-1
267,3,1504.164063,491.898376,87.313721,99.866028,0.672332,-1,-1,-1
267,4,1251.496338,528.079346,99.408081,132.127014,0.588889,-1,-1,-1
268,3,1504.963501,490.418793,87.760620,100.554657,0.746139,-1,-1,-1
268,4,1251.697754,530.809570,98.669434,132.273926,0.672332,-1,-1,-1
269,3,1503.150635,490.427032,88.327148,103.132599,0.746139,-1,-1,-1
269,4,1251.496338,528.787842,99.514038,131.463379,0.588889,-1,-1,-1
270,3,1503.935059,488.309601,87.163574,104.169037,0.746139,-1,-1,-1
270,4,1266.171631,546.805420,100.326660,137.700684,0.588889,-1,-1,-1
271,3,1504.838013,489.386169,85.765869,103.015076,0.746139,-1,-1,-1
271,4,1266.126953,544.972900,101.056519,139.568237,0.672332,-1,-1,-1
271,29,811.888000,732.470947,114.878845,129.378479,0.500000,-1,-1,-1
272,3,1503.934326,489.375824,87.198364,102.305084,0.746139,-1,-1,-1
272,4,1266.121216,546.673096,101.043213,140.607422,0.672332,-1,-1,-1
273,3,1504.320190,488.296326,86.500854,103.260071,0.746139,-1,-1,-1
273,4,1266.044922,544.228455,101.059082,142.333557,0.672332,-1,-1,-1
274,3,1504.754761,489.377106,86.343872,102.490631,0.746139,-1,-1,-1
274,4,1265.589600,544.157776,102.390747,141.027466,0.672332,-1,-1,-1
275,3,1502.296387,489.278870,87.936279,97.763000,0.672332,-1,-1,-1
275,4,1277.404053,564.248840,104.180908,140.004578,0.672332,-1,-1,-1
276,3,1501.956787,489.399536,87.850220,101.201782,0.746139,-1,-1,-1
276,4,1276.922974,570.017212,102.780640,137.647583,0.672332,-1,-1,-1
277,3,1501.822510,490.051025,88.410156,98.858398,0.672332,-1,-1,-1
277,4,1277.052002,566.985352,102.933960,141.743225,0.672332,-1,-1,-1
278,3,1501.973999,489.385437,87.773315,101.466797,0.672332,-1,-1,-1
278,4,1275.683960,567.989380,104.664917,138.800659,0.672332,-1,-1,-1
279,4,1277.298096,570.600586,101.777832,137.291992,0.746139,-1,-1,-1
279,3,1502.959961,488.500397,87.803955,98.449432,0.672332,-1,-1,-1
280,3,1502.862427,489.361176,86.468872,99.893219,0.746139,-1,-1,-1
280,4,1287.149902,591.604248,105.840942,136.656616,0.672332,-1,-1,-1
281,3,1501.823608,488.499023,87.852905,99.474609,0.746139,-1,-1,-1
281,4,1285.489014,591.331421,108.615601,138.351013,0.672332,-1,-1,-1
282,3,1501.823853,488.536194,88.403931,100.211975,0.672332,-1,-1,-1
282,4,1287.344971,590.954834,106.317871,137.879028,0.672332,-1,-1,-1
283,3,1501.520996,488.563477,88.724731,100.341614,0.746139,-1,-1,-1
283,4,1285.326172,591.145386,110.253540,139.243469,0.672332,-1,-1,-1
284,3,1501.695557,488.539490,88.531982,100.363770,0.746139,-1,-1,-1
284,4,1287.196045,590.600281,107.496216,137.578308,0.672332,-1,-1,-1
285,3,1501.877441,490.001038,86.116699,96.056335,0.672332,-1,-1,-1
285,4,1304.903809,603.518738,111.421143,144.061218,0.588889,-1,-1,-1
285,31,809.740356,731.421570,118.335022,135.979614,0.500000,-1,-1,-1
286,3,1502.156250,491.146729,85.143311,96.860779,0.672332,-1,-1,-1
286,4,1304.184814,604.911438,109.176025,144.379333,0.672332,-1,-1,-1
287,3,1503.073853,489.352661,84.307739,98.660522,0.588889,-1,-1,-1
287,4,1305.676514,605.219360,109.657715,143.200623,0.588889,-1,-1,-1
287,32,808.388672,732.482788,117.200439,130.559937,0.500000,-1,-1,-1
288,3,1502.156250,490.348938,85.815186,96.871216,0.672332,-1,-1,-1
288,4,1305.505737,604.857910,110.846069,142.908020,0.588889,-1,-1,-1
289,3,1503.861328,489.971924,85.761108,96.818359,0.588889,-1,-1,-1
289,4,1302.162354,604.545166,116.785522,143.010925,0.588889,-1,-1,-1
290,3,1506.694092,487.362671,82.307617,98.012329,0.500000,-1,-1,-1
290,4,1320.131104,627.250366,119.732422,149.935425,0.500000,-1,-1,-1
291,4,1320.958618,628.836365,117.981079,150.223083,0.588889,-1,-1,-1
291,3,1504.757446,488.539856,82.606567,99.839050,0.500000,-1,-1,-1
292,4,1320.205322,628.941284,118.645630,150.285522,0.588889,-1,-1,-1
293,4,1320.866455,629.931519,117.215332,146.326416,0.588889,-1,-1,-1
293,3,1505.554199,488.560638,81.079346,99.657623,0.500000,-1,-1,-1
294,3,1504.704346,488.560455,81.932861,100.987640,0.500000,-1,-1,-1
294,4,1320.998413,628.336487,117.000000,148.957397,0.500000,-1,-1,-1
295,4,1337.773926,646.366333,123.513184,156.732239,0.746139,-1,-1,-1
295,3,1504.098145,490.005981,82.535278,96.983032,0.500000,-1,-1,-1
295,33,808.255188,732.145508,115.663330,130.931274,0.500000,-1,-1,-1
296,4,1338.161011,646.594238,121.598877,154.098755,0.746139,-1,-1,-1
296,3,1504.096191,489.241058,82.537231,98.391144,0.500000,-1,-1,-1
296,33,808.290527,731.243958,114.258911,132.290833,0.500000,-1,-1,-1
297,4,1337.663574,648.081055,118.849854,152.424377,0.746139,-1,-1,-1
297,3,1503.925781,488.845734,84.237549,95.942780,0.500000,-1,-1,-1
298,4,1338.277100,647.298157,118.681030,152.181091,0.746139,-1,-1,-1
298,3,1505.453735,488.343658,81.197998,99.178314,0.500000,-1,-1,-1
299,4,1338.926025,651.149963,117.611328,150.329651,0.672332,-1,-1,-1
299,3,1505.432251,490.398651,81.207764,96.580353,0.500000,-1,-1,-1
300,4,1345.955322,673.153198,118.240234,147.571167,0.672332,-1,-1,-1
300,34,808.221069,729.369629,116.552246,130.604431,0.500000,-1,-1,-1
301,4,1346.668213,671.096069,116.563477,148.684570,0.588889,-1,-1,-1
301,34,807.742310,729.737915,118.002563,132.491577,0.500000,-1,-1,-1
302,4,1343.967773,667.833008,126.478516,154.460693,0.500000,-1,-1,-1
302,34,807.515076,730.513184,117.303955,134.070190,0.500000,-1,-1,-1
303,4,1345.925415,672.564941,118.287354,148.157104,0.588889,-1,-1,-1
303,34,808.116394,729.417969,118.336365,132.494019,0.500000,-1,-1,-1
304,4,1347.265137,701.159058,124.358032,148.506531,0.588889,-1,-1,-1
305,4,1348.005859,706.556030,125.354614,144.825073,0.588889,-1,-1,-1
306,4,1347.601563,693.558228,122.052124,151.945007,0.500000,-1,-1,-1
306,34,808.838867,730.506409,121.892944,141.643494,0.500000,-1,-1,-1
307,4,1348.298096,701.480835,123.287109,146.242554,0.500000,-1,-1,-1
307,34,808.521729,727.062622,123.940125,145.040161,0.500000,-1,-1,-1
309,4,1345.796387,728.900940,133.662598,139.628540,0.500000,-1,-1,-1
309,34,807.347656,727.000000,122.088135,143.213257,0.500000,-1,-1,-1
310,34,807.514404,727.269897,122.656250,142.125305,0.500000,-1,-1,-1
310,4,1345.051270,728.927307,134.771851,140.341125,0.500000,-1,-1,-1
311,34,807.574463,726.358154,121.759399,144.858521,0.500000,-1,-1,-1
312,34,807.005005,726.959717,122.400513,142.646057,0.500000,-1,-1,-1
313,34,807.532104,727.291870,121.295044,141.866760,0.500000,-1,-1,-1
314,4,1333.898682,741.284546,134.889160,145.724365,0.500000,-1,-1,-1
315,4,1332.030396,738.584473,134.953735,146.550842,0.500000,-1,-1,-1
319,4,1320.056152,766.673462,137.993408,135.478394,0.672332,-1,-1,-1
320,4,1318.670410,764.517090,140.899292,137.548706,0.588889,-1,-1,-1
321,4,1321.649902,766.659058,139.403931,134.559814,0.588889,-1,-1,-1
322,4,1320.608765,765.397705,138.716797,135.910217,0.588889,-1,-1,-1
323,4,1319.449463,765.414795,140.716431,137.795776,0.588889,-1,-1,-1
334,37,1262.334717,792.110779,146.923584,151.698181,0.588889,-1,-1,-1
334,38,805.584595,720.493286,143.085815,175.755371,0.500000,-1,-1,-1
335,37,1265.531006,794.500488,144.325317,150.868835,0.588889,-1,-1,-1
335,38,807.501953,722.857056,139.333862,168.150513,0.500000,-1,-1,-1
336,37,1266.622314,792.934570,142.171875,148.930298,0.588889,-1,-1,-1
336,38,808.125000,722.801331,139.042053,168.231750,0.500000,-1,-1,-1
337,37,1264.870117,794.102600,144.292969,147.395508,0.588889,-1,-1,-1
338,37,1262.372925,791.040649,146.350098,152.401672,0.588889,-1,-1,-1
338,38,807.305237,721.196411,140.251892,172.056274,0.500000,-1,-1,-1
342,37,1250.344971,809.504028,134.677856,143.005615,0.500000,-1,-1,-1
343,37,1256.622559,811.555054,132.255615,138.436646,0.500000,-1,-1,-1
349,37,1217.724365,842.778076,139.845459,152.659241,0.500000,-1,-1,-1
350,37,1216.954346,840.169739,141.867920,150.063782,0.500000,-1,-1,-1
351,37,1218.519287,840.784912,139.597656,149.530762,0.500000,-1,-1,-1
352,37,1218.499756,839.623718,139.957031,151.120178,0.500000,-1,-1,-1
353,37,1217.938843,840.636719,139.873779,150.545959,0.500000,-1,-1,-1
354,37,1210.046875,849.274475,140.302246,157.871338,0.588889,-1,-1,-1
355,37,1209.234863,848.307312,140.527100,156.424988,0.588889,-1,-1,-1
356,37,1208.991089,849.128296,140.770874,156.386475,0.588889,-1,-1,-1
356,42,1506.180176,487.548706,80.028076,97.582764,0.500000,-1,-1,-1
357,37,1208.979614,849.554565,140.848755,157.620728,0.588889,-1,-1,-1
358,37,1208.566528,851.382568,141.730225,158.486023,0.588889,-1,-1,-1
360,43,1507.124268,489.238312,81.834961,87.001190,0.500000,-1,-1,-1
360,37,1204.202515,870.216919,133.884033,147.653442,0.500000,-1,-1,-1
361,43,1505.556641,489.402191,81.057739,96.061798,0.500000,-1,-1,-1
361,37,1203.397461,866.651245,135.110352,154.148376,0.500000,-1,-1,-1
362,43,1506.092529,491.184448,80.476563,92.980591,0.500000,-1,-1,-1
362,37,1207.596313,867.232300,131.563843,148.163513,0.500000,-1,-1,-1
363,43,1507.850098,491.170715,78.711914,80.086853,0.500000,-1,-1,-1
363,44,847.143066,706.132813,106.702576,117.821472,0.500000,-1,-1,-1
364,44,846.671448,708.987854,106.019226,114.774841,0.500000,-1,-1,-1
365,44,846.650940,708.089722,105.675232,116.654175,0.500000,-1,-1,-1
366,43,1508.593872,491.158630,79.726929,79.580627,0.500000,-1,-1,-1
367,43,1507.171997,491.945618,79.010864,85.502258,0.500000,-1,-1,-1
367,44,847.780701,708.229736,102.998291,115.654419,0.500000,-1,-1,-1
368,43,1508.560059,490.781616,80.088623,75.453979,0.500000,-1,-1,-1
368,44,845.607910,701.999878,109.821228,124.310059,0.500000,-1,-1,-1
369,43,1508.625000,490.799011,78.587158,77.281494,0.500000,-1,-1,-1
369,44,847.224792,701.963562,105.914856,123.530945,0.500000,-1,-1,-1
370,43,1509.305908,490.799286,78.695313,77.424774,0.500000,-1,-1,-1
370,44,845.725708,703.366455,106.558777,121.150879,0.500000,-1,-1,-1
371,44,847.218994,701.784180,107.204102,123.920166,0.500000,-1,-1,-1
372,43,1510.452271,491.136658,78.184937,74.189636,0.500000,-1,-1,-1
373,43,1510.094360,488.622162,79.514160,80.001740,0.500000,-1,-1,-1
374,43,1509.319458,488.627747,79.723511,77.578430,0.500000,-1,-1,-1
374,44,847.373779,701.363159,105.114319,123.809937,0.500000,-1,-1,-1
375,43,1510.094482,489.318054,80.118164,79.578003,0.500000,-1,-1,-1
376,43,1509.319946,489.690948,79.062500,78.802277,0.500000,-1,-1,-1
377,43,1509.361450,489.317596,79.637695,77.308502,0.588889,-1,-1,-1
377,44,847.279724,700.317383,107.809265,124.493164,0.500000,-1,-1,-1
378,43,1508.596802,488.621063,80.136841,81.003815,0.500000,-1,-1,-1
378,44,844.835815,699.017212,111.220642,126.545044,0.500000,-1,-1,-1
379,43,1507.848389,489.774994,80.285156,85.249786,0.500000,-1,-1,-1
379,44,845.550110,698.976440,111.494324,126.993408,0.500000,-1,-1,-1
380,43,1508.532593,488.629852,80.552246,84.428741,0.500000,-1,-1,-1
380,44,845.393555,699.770874,110.916748,126.128296,0.500000,-1,-1,-1
381,43,1508.598999,487.637054,80.443726,82.159332,0.500000,-1,-1,-1
381,44,847.221130,700.705261,108.745422,124.101135,0.500000,-1,-1,-1
382,44,846.811157,698.237793,108.386536,126.535400,0.500000,-1,-1,-1
383,43,1508.583740,488.638824,80.165527,82.244293,0.500000,-1,-1,-1
383,44,846.857666,700.488770,110.281982,123.589355,0.500000,-1,-1,-1
384,43,1509.305908,488.651917,79.709229,79.233093,0.500000,-1,-1,-1
384,44,848.202759,697.547424,107.955505,124.838196,0.500000,-1,-1,-1
385,43,1508.443359,488.459290,81.796631,85.211487,0.500000,-1,-1,-1
385,44,846.637085,701.743469,109.575562,122.251648,0.500000,-1,-1,-1
386,43,1509.305908,488.652100,79.771729,79.010986,0.500000,-1,-1,-1
387,44,846.656616,699.728210,109.585205,124.294006,0.500000,-1,-1,-1
388,44,847.255493,699.913452,108.070374,124.676880,0.588889,-1,-1,-1
388,43,1507.827026,486.997284,81.791870,79.787628,0.500000,-1,-1,-1
389,43,1508.256226,487.270020,81.342041,80.240295,0.588889,-1,-1,-1
389,44,847.418945,699.491455,108.700134,124.726135,0.500000,-1,-1,-1
390,44,846.337036,698.087952,112.778198,126.680481,0.588889,-1,-1,-1
390,43,1506.852051,488.624084,81.854004,80.498352,0.500000,-1,-1,-1
391,43,1508.577759,487.934326,80.153931,81.049622,0.588889,-1,-1,-1
391,44,847.664978,699.742432,109.544250,126.145020,0.500000,-1,-1,-1
392,43,1508.509766,486.988861,80.495239,79.898163,0.500000,-1,-1,-1
392,44,847.930847,700.468323,109.335938,124.376038,0.500000,-1,-1,-1
393,43,1505.638672,486.704773,82.395996,83.761902,0.588889,-1,-1,-1
393,44,847.446350,697.673035,111.713562,127.407043,0.500000,-1,-1,-1
394,43,1506.635986,486.384430,81.018555,85.685272,0.588889,-1,-1,-1
394,44,847.940674,698.012817,109.828918,126.589111,0.588889,-1,-1,-1
395,43,1505.672119,487.328613,82.379639,84.178528,0.588889,-1,-1,-1
395,44,847.224792,696.706909,110.768555,128.302856,0.588889,-1,-1,-1
396,43,1505.662476,487.980560,81.659790,84.501129,0.588889,-1,-1,-1
396,44,847.687622,699.742493,110.350037,125.337158,0.588889,-1,-1,-1
397,43,1506.248169,487.328613,81.064331,83.627747,0.588889,-1,-1,-1
397,44,847.211304,698.328491,109.673523,127.346619,0.588889,-1,-1,-1
398,43,1507.232910,487.322205,78.954102,76.513184,0.588889,-1,-1,-1
398,44,847.941284,698.976013,109.756104,126.905090,0.588889,-1,-1,-1
399,43,1506.758789,486.972931,79.829346,83.196503,0.672332,-1,-1,-1
399,44,847.509521,698.710205,110.545532,125.728943,0.588889,-1,-1,-1
400,43,1506.228149,486.983734,81.791016,82.812775,0.588889,-1,-1,-1
400,44,847.732300,698.206665,109.975220,126.575806,0.588889,-1,-1,-1
401,43,1506.563110,486.989594,81.800659,82.833893,0.588889,-1,-1,-1
401,44,848.981689,700.292725,110.132263,124.738403,0.588889,-1,-1,-1
402,43,1506.266113,487.010010,81.727295,83.117432,0.588889,-1,-1,-1
402,44,847.941284,699.247070,108.983643,125.523438,0.588889,-1,-1,-1
403,43,1506.317505,486.362732,79.196411,80.519226,0.588889,-1,-1,-1
403,44,850.863770,700.684204,103.751282,124.806885,0.588889,-1,-1,-1
404,43,1506.332275,486.383148,79.153442,77.342010,0.588889,-1,-1,-1
404,44,850.618164,700.481506,105.645020,124.199158,0.588889,-1,-1,-1
405,43,1506.941406,487.316711,78.515381,77.382385,0.588889,-1,-1,-1
405,44,850.423340,701.228516,104.185303,123.447388,0.588889,-1,-1,-1
406,43,1506.147949,486.354401,79.684204,78.547821,0.672332,-1,-1,-1
406,44,850.232117,700.639526,104.188660,123.280396,0.588889,-1,-1,-1
407,43,1507.233521,486.383698,77.544678,79.233978,0.588889,-1,-1,-1
407,44,850.594727,700.040283,106.502808,123.936035,0.588889,-1,-1,-1
408,43,1504.415405,485.790710,82.984009,90.277649,0.672332,-1,-1,-1
408,44,847.924622,702.659302,105.326843,120.349060,0.588889,-1,-1,-1
409,43,1504.875488,484.996490,83.250244,87.982635,0.672332,-1,-1,-1
409,44,848.064941,701.757751,107.174927,121.317993,0.588889,-1,-1,-1
410,43,1505.156616,486.390198,82.224243,89.069031,0.672332,-1,-1,-1
410,44,848.064880,703.457031,106.299500,119.612549,0.588889,-1,-1,-1
411,43,1505.157227,485.800049,82.245117,89.159546,0.672332,-1,-1,-1
411,44,849.209717,701.314453,106.560730,122.497009,0.588889,-1,-1,-1
412,43,1504.389893,486.355957,84.087402,90.896240,0.672332,-1,-1,-1
412,44,847.121216,702.593811,107.102417,121.160828,0.588889,-1,-1,-1
413,43,1502.663696,486.311188,82.090332,91.354523,0.672332,-1,-1,-1
413,44,846.994019,702.403687,105.415771,120.935059,0.588889,-1,-1,-1
414,43,1502.577148,486.557098,83.291016,95.745880,0.672332,-1,-1,-1
414,44,847.861267,700.683838,104.843933,122.885742,0.588889,-1,-1,-1
415,43,1502.283813,487.324036,81.738159,93.771057,0.672332,-1,-1,-1
415,44,848.328857,700.531616,103.818848,123.022400,0.588889,-1,-1,-1
416,43,1502.964355,486.362823,82.907471,86.060028,0.672332,-1,-1,-1
416,44,848.531006,700.508545,104.307129,123.248352,0.588889,-1,-1,-1
417,43,1503.308838,485.752991,82.556152,85.553650,0.672332,-1,-1,-1
417,44,845.623047,700.311584,108.710815,123.031555,0.588889,-1,-1,-1
418,43,1500.338257,487.955750,85.140137,99.735291,0.746139,-1,-1,-1
418,44,847.008545,702.246582,104.029785,118.603882,0.588889,-1,-1,-1
419,43,1499.577881,486.894928,85.536499,99.360626,0.746139,-1,-1,-1
419,44,846.997681,701.966919,106.552368,121.151306,0.588889,-1,-1,-1
420,43,1499.460815,485.735779,86.030762,99.376465,0.672332,-1,-1,-1
420,44,847.844360,702.112183,104.988342,119.864014,0.588889,-1,-1,-1
421,43,1499.463623,487.944763,86.379150,98.891418,0.746139,-1,-1,-1
421,44,847.249146,700.527588,105.152466,121.471802,0.588889,-1,-1,-1
422,43,1499.177002,487.887543,86.323242,97.624603,0.746139,-1,-1,-1
422,44,847.665527,701.284546,106.668579,121.152466,0.588889,-1,-1,-1
423,43,1497.971191,485.004089,87.950317,97.991821,0.672332,-1,-1,-1
423,44,849.222900,698.759583,102.289978,119.766541,0.672332,-1,-1,-1
424,43,1498.286621,485.193146,88.298340,98.759125,0.672332,-1,-1,-1
424,44,849.221924,697.947388,101.934998,120.570801,0.672332,-1,-1,-1
425,43,1497.964111,485.213654,87.527588,96.265961,0.672332,-1,-1,-1
425,44,848.940308,699.603271,101.743408,120.970093,0.672332,-1,-1,-1
426,43,1498.546875,485.798950,86.583496,100.432983,0.672332,-1,-1,-1
426,44,848.534790,698.712158,101.960022,122.348145,0.672332,-1,-1,-1
427,43,1496.361816,484.645203,90.213867,91.568054,0.672332,-1,-1,-1
427,44,846.931458,699.878357,103.659668,121.012756,0.588889,-1,-1,-1
428,43,1497.364014,485.243958,88.514893,91.592957,0.672332,-1,-1,-1
428,44,845.439087,699.733032,104.050293,119.528625,0.588889,-1,-1,-1
429,43,1496.973999,484.380157,89.601929,90.467743,0.672332,-1,-1,-1
429,44,846.887512,700.446350,103.077332,120.438354,0.588889,-1,-1,-1
430,43,1497.236816,485.787689,88.636719,97.053741,0.672332,-1,-1,-1
430,44,845.545532,702.089539,103.470093,116.949280,0.588889,-1,-1,-1
431,43,1497.898193,485.776611,87.968506,95.550781,0.672332,-1,-1,-1
431,44,845.415039,699.356323,102.694275,119.026489,0.588889,-1,-1,-1
432,43,1498.424316,484.411102,88.151367,90.708893,0.588889,-1,-1,-1
432,44,845.466187,701.170288,104.258911,119.045532,0.588889,-1,-1,-1
433,43,1497.749756,485.781097,87.751953,91.702545,0.672332,-1,-1,-1
433,44,845.545654,701.005249,105.564209,119.837646,0.588889,-1,-1,-1
434,43,1498.055176,484.385284,88.513428,88.638641,0.672332,-1,-1,-1
434,44,846.746704,701.747925,103.692139,118.481445,0.588889,-1,-1,-1
435,43,1498.139282,484.384827,87.343140,89.699036,0.672332,-1,-1,-1
435,44,846.674438,701.114502,103.782959,118.311890,0.588889,-1,-1,-1
436,43,1499.012451,484.948883,85.753418,90.737762,0.672332,-1,-1,-1
436,44,846.097290,701.132446,104.602051,118.860107,0.672332,-1,-1,-1
437,43,1502.886963,485.108551,83.771484,82.185516,0.588889,-1,-1,-1
437,44,845.225464,701.747803,102.653564,118.475220,0.588889,-1,-1,-1
438,44,845.994995,700.429688,103.701538,118.897827,0.672332,-1,-1,-1
438,43,1502.700684,485.616486,83.957031,83.278168,0.588889,-1,-1,-1
439,43,1501.246338,485.418457,85.329834,82.576355,0.588889,-1,-1,-1
439,44,845.261841,700.778198,102.197998,118.079895,0.588889,-1,-1,-1
440,43,1501.821533,486.928436,84.455078,85.229889,0.588889,-1,-1,-1
440,44,844.915649,701.881836,102.491089,117.500244,0.588889,-1,-1,-1
441,44,844.407898,699.464355,102.776917,118.916748,0.588889,-1,-1,-1
441,43,1501.557861,485.041443,85.023438,83.755066,0.500000,-1,-1,-1
442,44,845.384644,699.233826,104.556824,121.150696,0.672332,-1,-1,-1
442,43,1499.017456,488.660431,87.620972,90.518646,0.588889,-1,-1,-1
443,44,846.075989,698.184448,103.076599,120.203979,0.672332,-1,-1,-1
443,43,1499.958496,487.979919,85.581421,90.596741,0.588889,-1,-1,-1
444,44,844.580322,699.725708,106.390015,120.140930,0.672332,-1,-1,-1
444,43,1498.796875,486.906097,87.920410,88.216705,0.500000,-1,-1,-1
445,43,1498.807739,487.964539,86.731812,88.284241,0.588889,-1,-1,-1
445,44,845.414185,700.232788,102.825073,119.131958,0.588889,-1,-1,-1
446,44,845.235229,699.897705,104.715332,120.239502,0.672332,-1,-1,-1
446,43,1499.440552,488.657135,86.091309,87.604828,0.588889,-1,-1,-1
447,43,1500.793091,487.977539,85.133667,89.124207,0.588889,-1,-1,-1
447,44,846.673340,700.550171,101.970337,118.513916,0.588889,-1,-1,-1
448,44,845.063721,700.429688,105.913025,119.226013,0.588889,-1,-1,-1
448,43,1500.595703,487.603455,86.124512,85.288696,0.500000,-1,-1,-1
449,43,1500.233887,487.650238,87.144531,88.805328,0.588889,-1,-1,-1
449,44,845.277832,701.148926,104.423767,119.034485,0.588889,-1,-1,-1
450,44,845.063416,700.600586,105.528076,121.873535,0.588889,-1,-1,-1
450,43,1501.591431,488.582886,85.827515,82.768555,0.500000,-1,-1,-1
451,44,845.064697,701.601196,106.507568,120.705139,0.588889,-1,-1,-1
451,43,1501.800049,487.903748,84.897461,84.254517,0.500000,-1,-1,-1
452,43,1503.462402,487.241638,85.386475,85.329773,0.588889,-1,-1,-1
452,44,844.510437,701.990234,106.491516,119.340088,0.588889,-1,-1,-1
453,43,1502.202026,486.314575,86.699097,87.068298,0.588889,-1,-1,-1
453,44,845.420776,701.763672,104.619263,118.471558,0.588889,-1,-1,-1
454,43,1505.237793,487.309296,82.892700,87.130280,0.588889,-1,-1,-1
454,44,844.441895,701.149841,105.618896,119.923035,0.588889,-1,-1,-1
455,43,1503.677002,487.309387,83.791260,88.018127,0.672332,-1,-1,-1
455,44,846.045898,701.877441,102.725220,118.346558,0.588889,-1,-1,-1
456,43,1502.668701,486.627594,86.006714,90.369110,0.672332,-1,-1,-1
456,44,846.039551,701.625916,104.021240,119.443665,0.588889,-1,-1,-1
457,43,1501.870361,486.937958,88.898438,96.488251,0.672332,-1,-1,-1
457,44,845.906799,700.181396,100.472595,117.563599,0.588889,-1,-1,-1
458,43,1501.049438,487.909973,89.183716,97.139282,0.672332,-1,-1,-1
458,44,844.915527,699.697876,105.313416,121.364990,0.588889,-1,-1,-1
459,43,1500.953125,489.342224,89.279785,98.451843,0.746139,-1,-1,-1
459,44,845.277649,700.232117,101.544861,118.438660,0.588889,-1,-1,-1
460,43,1502.043091,488.689819,89.450562,100.088989,0.746139,-1,-1,-1
460,44,845.545166,698.963562,104.322510,121.417603,0.672332,-1,-1,-1
461,43,1501.602905,488.628387,88.639771,95.924286,0.672332,-1,-1,-1
461,44,845.224915,700.194702,102.227844,119.198425,0.588889,-1,-1,-1
462,43,1502.046021,488.688080,90.318237,96.119659,0.746139,-1,-1,-1
462,44,846.080322,700.120850,104.660217,121.454529,0.588889,-1,-1,-1
463,43,1502.740234,490.450287,88.826904,92.869354,0.746139,-1,-1,-1
463,44,845.533569,699.581909,108.186646,120.970337,0.588889,-1,-1,-1
464,43,1501.410645,489.337463,89.634888,90.970886,0.746139,-1,-1,-1
464,44,846.065063,699.476929,106.519531,121.235840,0.588889,-1,-1,-1
465,43,1502.357300,490.072357,87.890015,89.354279,0.746139,-1,-1,-1
465,44,847.095703,699.731445,105.240967,122.550781,0.588889,-1,-1,-1
466,43,1503.399536,489.396515,88.090210,92.459747,0.746139,-1,-1,-1
466,44,846.175171,699.474731,108.406616,120.848877,0.588889,-1,-1,-1
467,43,1503.752686,490.502838,88.269531,95.812103,0.746139,-1,-1,-1
467,44,844.651062,700.460083,105.496277,120.872131,0.588889,-1,-1,-1
468,43,1503.647217,490.852203,88.054688,95.301605,0.746139,-1,-1,-1
468,44,844.575195,700.373657,104.566040,119.867188,0.588889,-1,-1,-1
469,43,1503.191528,490.852203,88.922974,95.078583,0.746139,-1,-1,-1
469,44,845.410034,701.168579,105.079834,119.897461,0.500000,-1,-1,-1
470,43,1502.439331,491.250000,89.277466,95.812683,0.746139,-1,-1,-1
470,44,844.750488,699.863342,105.704956,119.994934,0.588889,-1,-1,-1
471,43,1503.750854,490.508972,88.684448,97.463928,0.746139,-1,-1,-1
471,44,845.410217,700.460938,104.197327,119.755432,0.500000,-1,-1,-1
472,43,1507.203857,491.214844,85.224609,87.515137,0.672332,-1,-1,-1
472,44,847.619019,700.281372,105.484741,122.301086,0.588889,-1,-1,-1
473,43,1506.099121,492.000183,86.333740,91.050293,0.746139,-1,-1,-1
473,44,845.524292,701.301086,109.344727,120.336975,0.588889,-1,-1,-1
474,43,1507.203613,491.211273,84.505127,89.127594,0.672332,-1,-1,-1
474,44,845.534424,701.150146,105.488281,119.260681,0.588889,-1,-1,-1
475,43,1506.164185,492.722809,86.598755,90.763519,0.746139,-1,-1,-1
475,44,845.848999,701.457886,109.016113,119.660461,0.588889,-1,-1,-1
476,43,1505.582764,492.720520,86.571655,90.439270,0.746139,-1,-1,-1
476,44,845.641724,701.475769,108.667236,120.160950,0.588889,-1,-1,-1
477,43,1505.570313,492.726746,87.723633,95.121033,0.746139,-1,-1,-1
477,44,845.420532,698.747681,106.270752,118.244934,0.672332,-1,-1,-1
478,43,1505.572021,493.844055,88.158691,94.192932,0.746139,-1,-1,-1
478,44,846.063110,698.751099,106.754578,119.042603,0.672332,-1,-1,-1
479,43,1505.614258,492.729767,88.328857,92.225433,0.746139,-1,-1,-1
479,44,844.610779,700.078613,105.560486,119.800659,0.588889,-1,-1,-1
480,43,1506.255981,491.903046,87.347900,92.016754,0.746139,-1,-1,-1
480,44,845.290894,699.300842,106.655029,118.903931,0.588889,-1,-1,-1
481,43,1507.229248,491.965302,86.004395,93.408356,0.746139,-1,-1,-1
481,44,845.451904,699.467163,105.874207,117.755127,0.672332,-1,-1,-1
482,43,1506.031982,493.451294,87.174927,91.116760,0.672332,-1,-1,-1
482,44,844.013062,699.554260,105.090149,119.733459,0.588889,-1,-1,-1
483,43,1506.118896,493.843597,87.753784,89.478180,0.746139,-1,-1,-1
483,44,844.122253,699.435242,103.722107,119.901489,0.588889,-1,-1,-1
484,43,1505.483887,492.012360,88.285522,91.307709,0.746139,-1,-1,-1
484,44,843.387573,698.964478,106.817200,121.263428,0.588889,-1,-1,-1
485,43,1506.091064,492.711456,87.483887,90.090424,0.672332,-1,-1,-1
485,44,841.961792,698.951111,104.375488,119.679626,0.588889,-1,-1,-1
486,43,1506.176025,491.956421,87.398926,91.588440,0.672332,-1,-1,-1
486,44,838.450439,698.338135,108.772949,119.196533,0.500000,-1,-1,-1
487,43,1506.137817,491.960541,87.361328,91.439728,0.672332,-1,-1,-1
487,44,837.357971,698.730957,106.764343,117.400696,0.500000,-1,-1,-1
488,43,1505.531250,492.720520,88.097900,92.220154,0.672332,-1,-1,-1
488,44,840.093750,697.171143,101.891968,116.031860,0.500000,-1,-1,-1
489,43,1506.798828,491.965302,86.691650,92.466522,0.672332,-1,-1,-1
489,44,838.109070,697.225586,105.023010,118.345032,0.588889,-1,-1,-1
490,43,1506.119141,493.834808,87.953613,92.053070,0.672332,-1,-1,-1
490,44,838.468994,698.136475,107.981323,118.905396,0.500000,-1,-1,-1
491,43,1504.120117,493.090851,88.710449,96.973969,0.672332,-1,-1,-1
491,44,839.263184,699.105957,110.578247,119.077148,0.588889,-1,-1,-1
492,43,1503.862915,493.087921,89.283936,96.563507,0.672332,-1,-1,-1
492,44,837.379944,698.123169,109.838440,118.471558,0.588889,-1,-1,-1
493,43,1504.463135,492.720520,88.681396,97.096008,0.672332,-1,-1,-1
493,44,838.502930,698.123413,109.776855,119.033203,0.588889,-1,-1,-1
494,43,1504.616333,491.977570,89.185913,97.839203,0.672332,-1,-1,-1
494,44,838.080566,697.768677,109.612366,119.390991,0.500000,-1,-1,-1
495,43,1504.694824,493.459351,89.105347,98.209473,0.672332,-1,-1,-1
495,44,838.483521,696.953003,110.553955,120.667114,0.588889,-1,-1,-1
496,43,1503.636963,490.145966,88.848511,100.577301,0.746139,-1,-1,-1
496,44,835.949951,698.464478,113.794434,121.712708,0.588889,-1,-1,-1
497,43,1502.793579,490.831879,89.265503,96.267426,0.746139,-1,-1,-1
497,44,840.003113,700.469055,111.758606,120.996826,0.588889,-1,-1,-1
498,43,1503.176147,491.247711,89.660522,100.027130,0.746139,-1,-1,-1
498,44,837.364563,698.899475,110.351746,120.053406,0.500000,-1,-1,-1
499,43,1503.179565,490.138733,89.305908,100.682373,0.746139,-1,-1,-1
499,44,836.312134,699.794556,110.985657,119.518188,0.500000,-1,-1,-1
500,43,1502.700806,492.717316,89.927856,99.843597,0.746139,-1,-1,-1
500,44,837.363037,696.978882,112.301636,120.237793,0.588889,-1,-1,-1
501,43,1503.061890,489.402832,87.284790,97.097412,0.672332,-1,-1,-1
501,44,838.149353,699.612061,110.980774,117.870544,0.588889,-1,-1,-1
502,43,1503.862793,489.370789,86.424683,95.849304,0.746139,-1,-1,-1
502,44,837.388672,698.137085,111.811157,118.955139,0.588889,-1,-1,-1
503,43,1503.495239,490.118958,87.984619,95.433167,0.746139,-1,-1,-1
503,44,841.150513,699.207275,110.034180,119.271790,0.672332,-1,-1,-1
504,43,1502.848267,489.400452,88.618286,95.833008,0.746139,-1,-1,-1
504,44,841.104370,699.210815,110.295288,120.216003,0.672332,-1,-1,-1
505,43,1502.670654,491.202209,88.410645,95.495667,0.746139,-1,-1,-1
505,44,840.058350,700.332153,110.949707,118.425537,0.672332,-1,-1,-1
506,43,1503.283569,490.438477,86.371216,90.124878,0.672332,-1,-1,-1
506,44,839.291138,698.672119,111.357483,119.233276,0.500000,-1,-1,-1
507,43,1503.629272,490.071075,86.030518,91.103973,0.672332,-1,-1,-1
507,44,839.263000,698.339233,110.362427,118.799438,0.500000,-1,-1,-1
508,43,1501.708252,490.068970,87.964111,89.796021,0.672332,-1,-1,-1
508,44,841.612915,699.207275,110.286255,121.006958,0.588889,-1,-1,-1
509,43,1503.579102,490.432617,86.178711,87.395630,0.588889,-1,-1,-1
509,44,842.759399,698.791138,111.092468,121.412964,0.588889,-1,-1,-1
510,43,1502.957031,490.009460,86.683716,90.866821,0.672332,-1,-1,-1
510,44,838.503296,699.104919,109.628296,119.213379,0.500000,-1,-1,-1
511,43,1504.697021,490.057709,84.619141,93.832428,0.746139,-1,-1,-1
511,44,839.277649,699.729980,111.921021,118.877319,0.500000,-1,-1,-1
512,43,1504.567871,488.645416,85.655518,92.719452,0.672332,-1,-1,-1
512,44,839.277649,699.575134,109.903564,117.593445,0.500000,-1,-1,-1
513,43,1505.930908,488.638550,84.311157,91.586426,0.672332,-1,-1,-1
513,44,839.292664,698.963379,109.940369,118.256226,0.500000,-1,-1,-1
514,43,1504.843018,488.670410,84.737671,94.044617,0.746139,-1,-1,-1
514,44,838.502930,698.962280,110.156006,117.190063,0.500000,-1,-1,-1
515,43,1504.504150,490.433258,85.252197,93.397308,0.672332,-1,-1,-1
515,44,838.502686,698.670959,111.195190,117.057922,0.500000,-1,-1,-1
516,43,1502.161133,488.622803,88.967163,99.250610,0.746139,-1,-1,-1
516,44,837.355469,698.339355,114.067871,122.265137,0.588889,-1,-1,-1
517,43,1501.887207,490.060089,88.654785,97.855927,0.746139,-1,-1,-1
517,44,840.786743,699.221558,112.479370,123.365479,0.588889,-1,-1,-1
518,43,1502.029785,488.623260,88.541748,100.065460,0.746139,-1,-1,-1
518,44,837.374878,698.297729,113.407410,121.232178,0.500000,-1,-1,-1
519,43,1502.005127,488.356110,87.103516,100.449799,0.746139,-1,-1,-1
519,44,840.792297,700.180786,113.050781,122.410278,0.588889,-1,-1,-1
520,43,1501.307739,488.357758,87.818481,101.257416,0.746139,-1,-1,-1
520,44,837.347351,699.262024,114.565002,120.822449,0.500000,-1,-1,-1
521,43,1501.771484,488.629578,89.437500,100.629944,0.746139,-1,-1,-1
521,44,837.634521,698.881836,112.200195,118.906921,0.588889,-1,-1,-1
522,43,1502.425537,488.643768,87.990112,98.897552,0.746139,-1,-1,-1
522,44,841.316528,699.708618,110.633789,121.230103,0.588889,-1,-1,-1
523,43,1501.397949,489.331604,89.672607,99.356995,0.746139,-1,-1,-1
523,44,840.001221,700.080200,113.304688,121.707886,0.500000,-1,-1,-1
524,43,1501.961060,488.644043,88.403198,99.993774,0.746139,-1,-1,-1
524,44,837.258179,698.721436,112.578857,120.754639,0.500000,-1,-1,-1
525,43,1501.211182,488.294952,89.059814,99.717621,0.746139,-1,-1,-1
525,44,840.912964,700.465454,111.634033,120.628418,0.500000,-1,-1,-1
526,43,1500.903320,489.344421,89.368652,96.439880,0.746139,-1,-1,-1
527,43,1500.901978,489.341034,88.770630,95.758942,0.746139,-1,-1,-1
527,44,836.494019,698.896606,114.245239,119.519653,0.500000,-1,-1,-1
528,43,1500.900513,489.340210,89.329956,94.943970,0.746139,-1,-1,-1
528,44,836.464355,698.461182,115.132324,121.675354,0.500000,-1,-1,-1
529,43,1500.245483,489.330414,89.423096,95.817902,0.746139,-1,-1,-1
529,44,836.464600,697.813354,114.274170,121.285645,0.500000,-1,-1,-1
530,43,1500.730591,488.278564,88.942261,96.539063,0.746139,-1,-1,-1
530,44,836.506714,698.714966,112.172791,118.589600,0.500000,-1,-1,-1
531,43,1501.259277,487.893127,86.741211,99.129272,0.746139,-1,-1,-1
532,43,1501.532104,486.393677,86.867188,100.438110,0.746139,-1,-1,-1
532,44,838.396973,698.881836,113.153442,120.218384,0.500000,-1,-1,-1
533,43,1501.417114,486.918274,87.557495,100.750122,0.746139,-1,-1,-1
534,43,1501.417480,487.253540,87.244629,99.701416,0.746139,-1,-1,-1
534,44,841.139099,701.031494,111.866089,121.585388,0.500000,-1,-1,-1
535,43,1501.417480,486.893555,87.244629,100.148438,0.746139,-1,-1,-1
536,43,1501.072510,486.988220,85.203491,98.876770,0.746139,-1,-1,-1
536,44,840.912781,699.597290,114.297363,122.635010,0.500000,-1,-1,-1
537,43,1500.897827,486.252960,85.707764,97.836029,0.808067,-1,-1,-1
537,44,837.257629,697.415039,114.543274,120.901855,0.500000,-1,-1,-1
538,43,1501.373657,486.224762,86.952271,97.662506,0.808067,-1,-1,-1
538,44,840.180664,699.376282,113.685425,122.589539,0.500000,-1,-1,-1
539,43,1500.554932,486.308899,86.750244,99.294250,0.808067,-1,-1,-1
540,43,1501.376709,485.760956,86.668823,100.339752,0.746139,-1,-1,-1
541,43,1498.932129,486.302948,87.296875,99.791290,0.746139,-1,-1,-1
541,44,837.311829,699.404114,112.408264,119.534546,0.500000,-1,-1,-1
542,43,1499.271118,486.351196,87.327148,100.177856,0.746139,-1,-1,-1
542,44,841.153198,700.141235,110.924927,118.485352,0.500000,-1,-1,-1
543,43,1499.144043,486.892731,87.445068,98.744110,0.746139,-1,-1,-1
543,44,837.530090,698.721436,111.783630,120.672485,0.500000,-1,-1,-1
544,43,1499.457764,486.373993,87.172852,98.864044,0.746139,-1,-1,-1
544,44,837.256836,697.815186,112.609863,120.032166,0.500000,-1,-1,-1
545,43,1499.047241,486.303040,86.446167,99.791199,0.746139,-1,-1,-1
545,44,836.531982,698.039917,113.186157,119.902832,0.588889,-1,-1,-1
546,43,1496.667114,487.330719,88.067749,96.315277,0.746139,-1,-1,-1
546,44,838.919312,698.273438,113.578735,120.002930,0.500000,-1,-1,-1
547,43,1496.997314,486.397980,88.883301,95.125397,0.746139,-1,-1,-1
547,44,836.506836,698.027527,112.295166,118.144348,0.500000,-1,-1,-1
548,43,1494.831787,485.145172,90.805176,97.483002,0.746139,-1,-1,-1
549,43,1496.669434,487.630371,88.821777,98.345581,0.746139,-1,-1,-1
549,44,837.429688,698.941162,113.401611,117.614014,0.500000,-1,-1,-1
550,43,1496.153076,486.386444,88.576050,101.238373,0.746139,-1,-1,-1
550,44,839.221436,697.664917,111.212219,119.560974,0.500000,-1,-1,-1
551,43,1496.610229,486.358795,88.120728,100.538666,0.746139,-1,-1,-1
551,44,838.093689,697.291748,112.341797,118.879639,0.500000,-1,-1,-1
552,43,1496.194092,485.798309,88.542725,101.053802,0.746139,-1,-1,-1
552,44,838.064331,697.811829,111.650391,119.409363,0.500000,-1,-1,-1
553,43,1495.742310,486.372894,88.990112,99.337555,0.746139,-1,-1,-1
553,44,838.089478,698.122681,112.119324,121.303772,0.500000,-1,-1,-1
554,43,1496.188354,486.369598,87.735962,98.681122,0.746139,-1,-1,-1
554,44,839.238831,698.188293,111.333679,120.222473,0.588889,-1,-1,-1
555,43,1494.797852,486.372711,89.179932,100.509979,0.746139,-1,-1,-1
556,43,1495.349365,486.356506,88.620605,99.598206,0.746139,-1,-1,-1
557,43,1495.917603,485.808746,88.837769,100.095551,0.746139,-1,-1,-1
557,44,843.035522,699.101990,111.223877,119.973450,0.500000,-1,-1,-1
558,43,1495.351196,486.362915,88.592773,100.425415,0.746139,-1,-1,-1
559,43,1495.950684,485.798584,88.046753,98.511292,0.672332,-1,-1,-1
559,44,843.026184,700.861694,109.600708,120.081909,0.500000,-1,-1,-1
560,43,1495.177856,484.428406,88.926392,97.635925,0.746139,-1,-1,-1
560,44,838.263550,696.589844,113.647339,123.532837,0.500000,-1,-1,-1
561,43,1494.822510,486.377197,89.126587,96.841736,0.746139,-1,-1,-1
561,44,838.341797,698.278015,112.469238,122.236389,0.500000,-1,-1,-1
562,43,1494.224609,486.364563,89.729492,99.046936,0.746139,-1,-1,-1
562,44,839.094238,697.821350,111.281738,122.540039,0.500000,-1,-1,-1
563,43,1495.043457,486.363831,87.774170,97.565979,0.746139,-1,-1,-1
563,44,837.301636,696.991516,113.183716,122.449280,0.500000,-1,-1,-1
564,43,1495.104004,484.974792,88.987305,98.520081,0.746139,-1,-1,-1
564,44,842.127869,698.332520,112.273865,122.607788,0.500000,-1,-1,-1
565,43,1495.452148,485.027985,86.639893,95.816803,0.672332,-1,-1,-1
565,44,837.671265,697.754761,115.606018,122.783081,0.500000,-1,-1,-1
566,43,1495.893677,485.821472,85.463379,92.961914,0.672332,-1,-1,-1
566,44,839.119080,697.655640,113.763000,122.833557,0.500000,-1,-1,-1
567,43,1495.452881,485.547272,85.896118,94.850739,0.672332,-1,-1,-1
567,44,838.396729,698.281250,113.468262,122.748901,0.500000,-1,-1,-1
568,43,1495.893677,486.408600,84.382446,94.009735,0.672332,-1,-1,-1
568,44,838.364136,698.278015,114.868103,124.001404,0.500000,-1,-1,-1
569,43,1495.893677,486.408508,85.463745,92.127380,0.672332,-1,-1,-1
570,43,1494.202026,485.249451,86.425171,94.553833,0.746139,-1,-1,-1
571,43,1494.716797,485.260986,86.605957,93.743164,0.746139,-1,-1,-1
572,43,1494.726685,485.262360,86.612427,92.962982,0.746139,-1,-1,-1
573,43,1494.966309,485.247620,86.381958,92.040344,0.672332,-1,-1,-1
574,43,1495.443237,484.534424,84.837769,92.364258,0.672332,-1,-1,-1
575,43,1493.645874,484.386017,87.710571,98.665497,0.746139,-1,-1,-1
576,43,1494.239746,483.964508,86.394531,97.806976,0.746139,-1,-1,-1
577,43,1494.779541,483.926971,86.576660,97.125885,0.746139,-1,-1,-1
577,44,838.259949,697.194763,112.922302,120.446960,0.500000,-1,-1,-1
578,43,1494.549561,484.615265,86.801758,97.156036,0.746139,-1,-1,-1
579,43,1495.437500,485.282501,84.175781,95.472931,0.746139,-1,-1,-1
579,44,842.837646,698.901733,110.456482,121.000000,0.500000,-1,-1,-1
580,43,1493.565552,484.086914,87.073364,94.669556,0.746139,-1,-1,-1
580,44,842.185425,699.759277,108.830811,119.140625,0.500000,-1,-1,-1
581,43,1493.560425,484.051758,86.068726,94.527283,0.746139,-1,-1,-1
582,43,1493.563232,484.077301,85.406738,94.228851,0.746139,-1,-1,-1
583,43,1493.560425,484.512634,86.066040,93.893188,0.746139,-1,-1,-1
584,43,1493.563232,484.086823,86.050049,94.219086,0.746139,-1,-1,-1
584,44,842.186279,700.071167,108.168945,118.794250,0.500000,-1,-1,-1
585,43,1492.971191,484.062561,85.348511,94.966003,0.746139,-1,-1,-1
586,43,1492.969238,484.518219,85.300293,94.423309,0.746139,-1,-1,-1
587,43,1492.953857,483.649750,85.365479,93.133759,0.746139,-1,-1,-1
588,43,1492.953857,483.621918,85.366943,93.333893,0.746139,-1,-1,-1
589,43,1492.008301,484.062561,86.328979,95.170105,0.746139,-1,-1,-1
590,43,1492.647705,479.418915,83.753662,83.209076,0.746139,-1,-1,-1
590,44,843.697388,700.269043,94.339294,114.448730,0.500000,-1,-1,-1
591,43,1491.992676,479.692932,83.838257,83.628479,0.746139,-1,-1,-1
591,44,843.398254,699.460144,93.500793,114.926880,0.500000,-1,-1,-1
592,43,1491.986206,479.519531,83.851440,82.283691,0.746139,-1,-1,-1
592,44,840.880188,699.515503,94.005981,113.820923,0.500000,-1,-1,-1
593,43,1491.315918,479.992493,85.024414,85.470886,0.746139,-1,-1,-1
593,44,841.903015,698.010132,96.078064,117.118835,0.588889,-1,-1,-1
594,43,1491.329590,479.885193,85.563232,83.453552,0.808067,-1,-1,-1
594,44,842.648071,698.555054,92.432983,115.371948,0.500000,-1,-1,-1
595,43,1486.843018,475.957489,82.948364,84.078766,0.808067,-1,-1,-1
595,44,843.434937,699.787231,97.080811,115.295166,0.588889,-1,-1,-1
596,43,1487.991455,476.361511,82.639648,81.877502,0.746139,-1,-1,-1
596,44,841.518188,699.939087,95.954590,114.410217,0.500000,-1,-1,-1
597,43,1487.232666,476.022034,82.778442,81.761292,0.746139,-1,-1,-1
597,44,843.394043,699.789429,97.121704,114.952881,0.588889,-1,-1,-1
598,43,1487.239136,476.523010,83.386108,82.389771,0.746139,-1,-1,-1
598,44,841.665283,700.046509,93.884521,111.937256,0.500000,-1,-1,-1
599,43,1487.987061,476.022034,81.862793,82.350891,0.746139,-1,-1,-1
599,44,842.759888,697.649414,88.867188,111.993347,0.500000,-1,-1,-1
600,43,1477.395508,463.955841,81.866455,89.646088,0.808067,-1,-1,-1
600,44,843.616455,700.690674,101.946594,116.353943,0.500000,-1,-1,-1
601,43,1476.865479,464.713623,82.426025,89.513855,0.808067,-1,-1,-1
601,44,841.879272,698.813477,100.402344,116.768555,0.588889,-1,-1,-1
602,43,1476.413330,464.679016,83.637573,89.849670,0.808067,-1,-1,-1
602,44,843.014648,701.167603,102.321777,115.541870,0.500000,-1,-1,-1
603,43,1476.600830,464.009857,83.438477,90.875336,0.808067,-1,-1,-1
603,44,842.915161,702.140015,100.663818,115.308533,0.500000,-1,-1,-1
604,43,1476.816162,463.023743,82.480225,91.381287,0.746139,-1,-1,-1
604,44,842.617859,700.377869,98.867126,116.286804,0.500000,-1,-1,-1
605,43,1465.865601,458.616669,86.143677,93.156647,0.808067,-1,-1,-1
605,44,843.479980,701.381592,98.963135,115.741394,0.588889,-1,-1,-1
606,43,1465.474121,458.996613,86.805420,92.186981,0.808067,-1,-1,-1
606,44,843.749756,701.377258,96.766357,116.504944,0.588889,-1,-1,-1
607,43,1466.614624,458.795654,85.392822,92.700195,0.808067,-1,-1,-1
607,44,841.484497,701.244019,97.367920,116.155396,0.500000,-1,-1,-1
608,43,1466.588135,458.951935,85.878540,92.135590,0.808067,-1,-1,-1
608,44,842.663635,700.605347,99.085754,116.016663,0.588889,-1,-1,-1
609,43,1458.418579,457.144867,87.938232,95.569366,0.808067,-1,-1,-1
609,44,841.912598,699.669983,96.400208,115.414490,0.500000,-1,-1,-1
610,43,1459.037476,456.790283,87.789673,96.676575,0.808067,-1,-1,-1
611,43,1459.034424,456.180267,88.042725,96.236725,0.808067,-1,-1,-1
611,44,842.663635,699.692749,96.400269,114.887939,0.500000,-1,-1,-1
612,43,1459.344482,456.692230,87.369873,95.165863,0.808067,-1,-1,-1
612,44,842.673828,699.638184,96.468811,115.545532,0.500000,-1,-1,-1
613,43,1459.034302,456.726196,87.655396,95.290283,0.808067,-1,-1,-1
613,44,842.692932,699.431519,94.662415,114.797607,0.500000,-1,-1,-1
614,43,1450.935059,455.164490,87.723999,101.846863,0.808067,-1,-1,-1
615,43,1450.935059,455.597900,87.721436,99.648010,0.808067,-1,-1,-1
616,43,1450.447144,455.768372,87.476196,100.592285,0.808067,-1,-1,-1
617,43,1450.362061,455.740906,86.814941,100.807922,0.808067,-1,-1,-1
618,43,1451.167847,455.407471,87.477905,101.142700,0.808067,-1,-1,-1
619,43,1443.293823,455.116699,87.937134,100.759094,0.808067,-1,-1,-1
620,43,1442.601318,453.945374,88.985718,101.754578,0.808067,-1,-1,-1
621,43,1443.306274,455.378632,87.564697,101.693512,0.808067,-1,-1,-1
622,43,1443.656738,454.698853,88.212036,103.272949,0.808067,-1,-1,-1
623,43,1444.329102,455.380920,86.566650,103.038574,0.808067,-1,-1,-1
624,43,1437.363037,450.394592,87.302979,106.502502,0.808067,-1,-1,-1
625,43,1437.368408,451.669189,86.663452,102.040161,0.746139,-1,-1,-1
626,43,1438.101074,451.298859,87.044678,103.989838,0.746139,-1,-1,-1
627,43,1438.111328,451.235870,86.793701,103.770966,0.746139,-1,-1,-1
628,43,1437.387085,450.773071,87.514404,104.861938,0.746139,-1,-1,-1
629,43,1427.567627,450.262573,89.678833,99.845337,0.746139,-1,-1,-1
630,43,1428.763184,449.093536,87.367920,99.863251,0.808067,-1,-1,-1
631,43,1429.526855,448.704529,86.999023,99.624939,0.746139,-1,-1,-1
632,43,1428.967773,449.074219,89.108765,100.044189,0.808067,-1,-1,-1
633,43,1429.355469,449.074402,87.231201,100.018494,0.808067,-1,-1,-1
634,43,1418.599243,449.629669,88.743896,100.311981,0.808067,-1,-1,-1
635,43,1416.754517,449.660614,90.272827,101.087494,0.808067,-1,-1,-1
636,43,1418.578369,451.053314,87.812134,98.345001,0.808067,-1,-1,-1
637,43,1416.744507,449.664551,89.656128,100.302979,0.808067,-1,-1,-1
638,43,1418.584961,450.217621,87.242188,99.563629,0.808067,-1,-1,-1
639,43,1403.661255,447.320435,97.176270,101.924927,0.808067,-1,-1,-1
640,43,1403.222412,447.311371,97.505615,101.816193,0.808067,-1,-1,-1
641,43,1403.797119,447.320068,96.928223,101.390869,0.808067,-1,-1,-1
642,43,1402.947510,448.009277,97.505859,99.997192,0.808067,-1,-1,-1
643,43,1403.661377,448.337952,96.793823,100.367615,0.808067,-1,-1,-1
644,43,1390.496094,444.755127,96.783813,103.923950,0.808067,-1,-1,-1
645,43,1390.117798,444.012268,95.275024,104.209717,0.857768,-1,-1,-1
646,43,1390.493652,444.758331,97.527100,104.153900,0.808067,-1,-1,-1
646,45,839.912842,702.093140,98.839478,118.329773,0.500000,-1,-1,-1
647,43,1390.116699,444.012268,95.301758,104.136292,0.857768,-1,-1,-1
648,43,1389.384399,444.012268,96.755859,105.379089,0.857768,-1,-1,-1
649,43,1374.270386,439.665253,90.921753,102.345734,0.808067,-1,-1,-1
650,43,1373.698730,439.665253,91.493408,103.133698,0.808067,-1,-1,-1
651,43,1374.263062,441.377380,90.581177,101.379272,0.808067,-1,-1,-1
652,43,1373.692383,441.384064,91.507813,101.391693,0.808067,-1,-1,-1
652,46,838.892456,701.064697,97.258240,118.247559,0.500000,-1,-1,-1
653,43,1373.691650,440.678009,91.508545,101.333221,0.808067,-1,-1,-1
654,43,1347.332397,440.324707,101.140137,100.686401,0.808067,-1,-1,-1
654,47,840.727112,700.121521,94.606140,117.726196,0.500000,-1,-1,-1
655,43,1347.304321,440.324890,100.713745,99.887268,0.808067,-1,-1,-1
655,47,839.912231,699.461670,95.291992,117.968872,0.500000,-1,-1,-1
656,43,1347.326660,440.329376,101.135254,98.320038,0.808067,-1,-1,-1
656,47,839.962402,701.286987,95.367920,118.684387,0.588889,-1,-1,-1
657,43,1347.327637,439.665253,99.863037,100.604462,0.808067,-1,-1,-1
657,47,841.100647,700.160034,92.907166,117.804077,0.500000,-1,-1,-1
658,43,1346.609497,441.375183,100.668335,96.917358,0.808067,-1,-1,-1
658,47,841.808228,700.367065,91.729736,117.485046,0.500000,-1,-1,-1
659,43,1316.304443,431.966858,98.206177,103.969482,0.808067,-1,-1,-1
660,43,1316.286377,432.127350,98.630493,103.916595,0.808067,-1,-1,-1
661,43,1316.286011,431.808655,99.023193,104.912842,0.857768,-1,-1,-1
662,43,1316.613525,432.407593,97.920776,103.307129,0.808067,-1,-1,-1
663,43,1316.705322,431.643677,97.845215,105.102783,0.808067,-1,-1,-1
664,43,1294.886963,428.040710,98.791504,103.773865,0.808067,-1,-1,-1
665,43,1295.260742,428.211273,97.646729,104.045380,0.808067,-1,-1,-1
666,43,1295.265137,427.388855,98.389893,104.273621,0.808067,-1,-1,-1
667,43,1295.983154,428.029907,96.061035,104.142883,0.808067,-1,-1,-1
668,43,1295.322021,427.043976,96.761597,104.770966,0.808067,-1,-1,-1
669,43,1277.011841,420.730865,98.810303,105.152313,0.857768,-1,-1,-1
670,43,1276.365479,419.986816,99.918701,104.988770,0.857768,-1,-1,-1
670,48,774.235596,653.302856,89.711182,99.906860,0.500000,-1,-1,-1
671,43,1276.334229,419.985077,98.812256,105.386017,0.857768,-1,-1,-1
671,48,774.604797,652.131592,86.598938,101.099121,0.500000,-1,-1,-1
672,43,1277.034302,419.984436,99.804077,105.288574,0.857768,-1,-1,-1
673,43,1258.833008,412.463654,105.825317,111.659271,0.808067,-1,-1,-1
674,43,1258.960938,412.487457,107.222534,112.805634,0.808067,-1,-1,-1
674,49,840.615051,703.032227,102.034119,117.903381,0.500000,-1,-1,-1
675,43,1258.536865,413.211273,107.966797,110.144196,0.808067,-1,-1,-1
676,43,1258.683960,413.227753,108.887329,110.875153,0.808067,-1,-1,-1
677,43,1258.910645,412.710022,107.800903,110.905334,0.808067,-1,-1,-1
678,43,1243.357422,407.411133,107.107788,113.721497,0.808067,-1,-1,-1
679,43,1245.393921,407.548096,105.654663,114.149902,0.808067,-1,-1,-1
680,43,1244.005127,408.745239,104.499390,112.044250,0.808067,-1,-1,-1
681,43,1245.406006,408.826263,104.218628,113.707123,0.857768,-1,-1,-1
682,43,1244.010620,407.737335,107.918823,113.369843,0.808067,-1,-1,-1
683,43,1236.846069,405.274933,105.208374,112.610565,0.746139,-1,-1,-1
684,43,1237.183228,405.404938,101.952271,112.008026,0.746139,-1,-1,-1
685,43,1236.628662,405.043945,99.475220,112.774658,0.746139,-1,-1,-1
686,43,1237.172852,404.714813,100.351440,113.401703,0.746139,-1,-1,-1
687,43,1236.815186,405.342499,99.995850,111.656403,0.746139,-1,-1,-1
