0,2,1246.117188,33.408554,41.532104,52.091858,0.588889,-1,-1,-1
0,3,1227.280029,92.797165,57.828979,68.401703,0.588889,-1,-1,-1
1,2,1245.393677,33.408691,42.090698,51.351334,0.588889,-1,-1,-1
1,3,1226.575684,92.711746,59.037354,68.263412,0.588889,-1,-1,-1
2,2,1246.484863,33.408691,41.613403,52.444336,0.588889,-1,-1,-1
2,3,1226.207764,91.760651,58.889160,67.699905,0.500000,-1,-1,-1
3,3,1227.281250,92.730331,57.579834,68.071289,0.588889,-1,-1,-1
3,2,1246.118408,33.409515,41.995605,52.132004,0.500000,-1,-1,-1
4,2,1245.393188,33.408554,42.712280,53.236038,0.588889,-1,-1,-1
4,3,1225.878540,91.584503,58.322388,68.029312,0.500000,-1,-1,-1
5,2,1245.390381,33.407547,42.708008,52.513138,0.588889,-1,-1,-1
5,3,1226.609863,90.916397,57.238403,67.499725,0.500000,-1,-1,-1
6,2,1246.118286,33.409515,41.980957,52.497894,0.588889,-1,-1,-1
6,3,1226.618774,91.588348,56.950317,66.079788,0.500000,-1,-1,-1
7,2,1245.393677,33.409515,42.704590,52.103027,0.588889,-1,-1,-1
7,3,1225.874756,90.917084,58.136108,67.563080,0.500000,-1,-1,-1
8,3,1227.281250,93.178116,57.356934,66.966248,0.588889,-1,-1,-1
8,2,1246.481934,34.498077,41.619385,52.118774,0.500000,-1,-1,-1
9,2,1244.670532,34.509567,43.914673,52.997086,0.588889,-1,-1,-1
9,3,1227.278809,92.797028,57.878540,68.436172,0.588889,-1,-1,-1
10,3,1227.281006,92.658966,57.877563,67.564087,0.588889,-1,-1,-1
10,2,1246.114990,33.408691,41.578735,52.491531,0.500000,-1,-1,-1
11,2,1246.118408,34.132965,41.564453,51.742447,0.500000,-1,-1,-1
12,2,1246.114990,33.409470,41.571777,52.465942,0.588889,-1,-1,-1
12,3,1227.316162,92.448166,56.692261,67.100006,0.500000,-1,-1,-1
13,2,1244.340454,33.409470,42.973267,52.140427,0.500000,-1,-1,-1
14,3,1226.569580,92.297470,58.148193,68.636902,0.588889,-1,-1,-1
14,2,1246.118408,33.407547,41.990601,52.125458,0.500000,-1,-1,-1
15,2,1246.113647,33.408554,41.536621,50.616119,0.588889,-1,-1,-1
15,3,1225.512329,91.382996,58.857910,68.981140,0.500000,-1,-1,-1
16,3,1227.281006,93.182693,57.485596,68.050827,0.588889,-1,-1,-1
16,2,1245.393677,33.408691,42.292114,52.466583,0.500000,-1,-1,-1
17,2,1245.393677,32.705292,42.292114,52.836227,0.588889,-1,-1,-1
18,2,1246.481934,33.766022,40.627319,52.497162,0.500000,-1,-1,-1
18,3,1227.672729,92.244003,56.506714,68.138992,0.500000,-1,-1,-1
19,2,1245.393677,33.408691,41.725098,53.188248,0.500000,-1,-1,-1
19,3,1227.278809,93.361313,57.489014,68.483322,0.500000,-1,-1,-1
20,2,1246.484863,33.408600,41.210693,52.148941,0.588889,-1,-1,-1
21,2,1247.976440,34.134476,40.808350,49.869141,0.500000,-1,-1,-1
22,2,1247.969360,34.496841,42.469360,53.286896,0.500000,-1,-1,-1
24,2,1247.968750,33.404984,43.076904,54.367447,0.500000,-1,-1,-1
25,2,1249.507324,35.244278,42.529297,50.916824,0.500000,-1,-1,-1
26,2,1249.847900,34.132095,40.613281,53.887939,0.500000,-1,-1,-1
28,2,1250.622681,34.126282,42.095581,52.586746,0.588889,-1,-1,-1
28,3,1225.848511,91.783859,56.301758,66.879318,0.500000,-1,-1,-1
29,3,1228.051758,93.977646,55.041748,66.008514,0.500000,-1,-1,-1
31,2,1249.827026,35.976334,42.864990,51.438721,0.500000,-1,-1,-1
31,3,1227.678101,92.980179,55.182373,66.481293,0.500000,-1,-1,-1
32,2,1249.533081,35.989105,43.183716,52.401672,0.588889,-1,-1,-1
32,3,1225.520142,90.597885,57.720459,68.873657,0.588889,-1,-1,-1
33,2,1250.605225,37.109436,42.817261,52.930115,0.588889,-1,-1,-1
34,2,1250.603271,35.986862,42.113525,52.329117,0.500000,-1,-1,-1
34,3,1222.150024,89.957474,58.117065,65.275223,0.500000,-1,-1,-1
35,3,1222.842163,88.057480,55.055664,65.969330,0.588889,-1,-1,-1
37,2,1249.100342,37.849869,42.935547,54.722076,0.588889,-1,-1,-1
37,3,1222.455811,85.459717,58.044922,63.926422,0.500000,-1,-1,-1
38,3,1223.243652,88.156631,55.938843,65.187424,0.588889,-1,-1,-1
38,2,1249.091064,35.978989,41.956909,55.245987,0.500000,-1,-1,-1
39,2,1247.958008,37.112411,41.930908,52.932083,0.588889,-1,-1,-1
39,3,1224.751709,88.112778,54.429932,65.604813,0.588889,-1,-1,-1
40,3,1224.754517,88.198608,52.942017,63.746887,0.672332,-1,-1,-1
40,2,1247.976318,35.234985,41.885010,53.254349,0.500000,-1,-1,-1
41,3,1225.500122,88.230789,54.135132,65.139999,0.672332,-1,-1,-1
42,3,1225.508057,87.540802,55.615479,64.098679,0.672332,-1,-1,-1
42,2,1247.975342,36.738098,39.689453,50.742645,0.500000,-1,-1,-1
43,3,1227.300049,88.979919,52.271118,63.711456,0.746139,-1,-1,-1
44,3,1227.282104,89.259613,55.630127,64.181992,0.746139,-1,-1,-1
45,3,1225.841797,87.379761,56.254272,64.607391,0.672332,-1,-1,-1
46,3,1225.867065,88.135300,55.371948,65.267395,0.746139,-1,-1,-1
47,3,1228.932373,88.542526,57.764160,68.259842,0.746139,-1,-1,-1
48,3,1230.950806,88.251755,54.329590,66.634277,0.672332,-1,-1,-1
49,3,1231.406738,89.127960,55.477051,68.028580,0.746139,-1,-1,-1
50,3,1232.074951,89.819000,55.383911,66.199722,0.672332,-1,-1,-1
51,3,1232.408691,91.958542,56.539795,64.061600,0.672332,-1,-1,-1
52,3,1232.122681,92.447479,56.082886,64.348251,0.588889,-1,-1,-1
53,3,1233.708862,93.449112,55.372803,63.313797,0.746139,-1,-1,-1
54,3,1234.084839,94.908646,54.317871,60.337555,0.746139,-1,-1,-1
55,3,1233.374756,94.369263,56.338501,62.394928,0.746139,-1,-1,-1
56,3,1232.524536,96.952881,57.789307,59.080948,0.746139,-1,-1,-1
56,4,1229.538086,28.548431,35.056274,45.323456,0.500000,-1,-1,-1
57,3,1232.902710,94.321106,58.061401,62.489960,0.672332,-1,-1,-1
57,4,1225.847900,29.853287,38.731689,48.324554,0.588889,-1,-1,-1
58,3,1233.313965,93.238037,58.362305,66.498688,0.746139,-1,-1,-1
58,4,1226.572632,29.040207,38.486694,48.398163,0.588889,-1,-1,-1
59,3,1234.530640,94.429184,57.786987,64.262878,0.746139,-1,-1,-1
59,4,1222.453125,28.512405,34.493896,38.578812,0.500000,-1,-1,-1
60,3,1236.136108,95.651413,55.501465,62.994553,0.746139,-1,-1,-1
60,4,1217.064209,28.554977,36.525146,45.221283,0.500000,-1,-1,-1
61,3,1237.378784,95.304840,54.586548,61.831512,0.808067,-1,-1,-1
61,4,1214.360474,29.294174,37.966919,44.939575,0.672332,-1,-1,-1
62,3,1237.141968,94.405609,54.482910,61.619797,0.808067,-1,-1,-1
62,4,1214.809082,29.294174,37.181641,43.983902,0.746139,-1,-1,-1
63,3,1236.941406,93.993164,55.072998,63.565063,0.808067,-1,-1,-1
63,4,1212.253784,29.294632,35.005249,43.632706,0.746139,-1,-1,-1
64,4,1208.066772,28.532410,35.312988,42.386902,0.746139,-1,-1,-1
64,3,1236.161621,95.446793,56.485229,62.851730,0.746139,-1,-1,-1
65,3,1233.314209,95.194153,60.062500,70.977951,0.746139,-1,-1,-1
65,4,1197.385254,28.090668,33.565430,46.349991,0.672332,-1,-1,-1
66,4,1193.046021,28.572876,34.261353,44.275360,0.746139,-1,-1,-1
66,3,1234.255859,94.352921,56.036865,63.540710,0.746139,-1,-1,-1
67,4,1185.287476,28.517349,37.226196,42.723129,0.746139,-1,-1,-1
67,3,1235.599121,95.504150,52.733398,60.479874,0.746139,-1,-1,-1
68,3,1234.912354,94.583954,53.582031,62.568558,0.808067,-1,-1,-1
68,4,1181.542114,27.374039,35.062134,42.768723,0.746139,-1,-1,-1
69,3,1235.306030,95.945892,53.117554,60.803375,0.808067,-1,-1,-1
69,4,1180.936035,28.036514,35.221313,42.811020,0.746139,-1,-1,-1
70,4,1169.590698,27.486649,38.870483,45.425308,0.808067,-1,-1,-1
70,3,1233.123535,96.980530,53.599854,62.417862,0.808067,-1,-1,-1
71,4,1166.793579,28.100784,37.839233,45.282028,0.808067,-1,-1,-1
71,3,1232.113281,97.275696,52.484741,60.226685,0.808067,-1,-1,-1
72,3,1231.105469,95.687668,52.585815,61.814850,0.808067,-1,-1,-1
72,4,1163.411255,27.049988,35.852295,40.551910,0.746139,-1,-1,-1
73,4,1158.940674,26.719986,38.477539,42.289124,0.808067,-1,-1,-1
73,3,1229.690430,95.753311,52.322998,61.004929,0.808067,-1,-1,-1
74,3,1230.216309,96.655518,51.166016,61.985367,0.808067,-1,-1,-1
74,4,1153.851074,27.555176,38.278687,42.422150,0.672332,-1,-1,-1
75,3,1228.374878,93.758194,52.168579,62.991669,0.857768,-1,-1,-1
75,4,1151.988159,29.038788,36.016479,42.252777,0.746139,-1,-1,-1
76,3,1228.070557,94.078674,52.474609,62.675583,0.808067,-1,-1,-1
76,4,1151.986572,29.024506,35.954224,42.184387,0.672332,-1,-1,-1
77,4,1146.432617,28.568893,37.856079,42.912918,0.808067,-1,-1,-1
77,3,1228.384766,94.548660,52.055908,64.746277,0.808067,-1,-1,-1
78,3,1227.387695,95.121002,53.635864,63.475250,0.857768,-1,-1,-1
78,4,1145.277344,28.121338,37.130127,45.263306,0.746139,-1,-1,-1
79,3,1226.641846,92.458008,53.487549,65.017685,0.808067,-1,-1,-1
79,4,1137.925903,27.503815,39.948120,47.082413,0.746139,-1,-1,-1
80,3,1226.664307,92.095367,54.260010,66.479004,0.857768,-1,-1,-1
80,4,1135.390991,27.885452,39.490356,46.263840,0.746139,-1,-1,-1
81,3,1226.653564,92.099625,54.486816,66.485641,0.857768,-1,-1,-1
81,4,1135.882568,28.044479,39.373779,46.175354,0.746139,-1,-1,-1
82,3,1225.580322,93.070450,56.071899,67.082474,0.808067,-1,-1,-1
82,4,1127.979004,31.994339,39.458252,47.997299,0.672332,-1,-1,-1
83,3,1226.650879,94.793472,55.753662,67.085999,0.808067,-1,-1,-1
83,4,1126.474243,32.003036,37.999390,51.246094,0.746139,-1,-1,-1
84,3,1227.395264,94.278763,54.268188,67.515427,0.808067,-1,-1,-1
84,4,1123.331543,31.681000,37.088257,44.698746,0.672332,-1,-1,-1
85,3,1226.693481,95.113907,55.253052,66.060883,0.808067,-1,-1,-1
85,4,1123.980225,32.346817,36.072510,45.080383,0.588889,-1,-1,-1
86,3,1227.358398,92.308044,53.835815,65.223175,0.808067,-1,-1,-1
86,4,1120.500366,31.666626,39.173462,50.044739,0.672332,-1,-1,-1
87,3,1227.673950,90.356598,52.823853,62.967316,0.808067,-1,-1,-1
87,4,1114.804199,32.676727,42.919434,53.157806,0.672332,-1,-1,-1
88,3,1228.002441,90.516266,48.934692,61.127518,0.808067,-1,-1,-1
88,4,1109.650513,32.701401,41.622070,47.278839,0.746139,-1,-1,-1
89,3,1228.978516,89.638779,48.885254,62.007980,0.808067,-1,-1,-1
89,4,1105.832397,35.234802,42.851685,47.937012,0.746139,-1,-1,-1
90,3,1228.994141,91.010605,48.973145,60.646545,0.746139,-1,-1,-1
90,4,1105.832275,34.862869,41.823242,49.870239,0.672332,-1,-1,-1
91,3,1228.974365,90.444672,52.558594,62.909546,0.808067,-1,-1,-1
91,4,1101.375366,35.239151,42.635742,50.669952,0.672332,-1,-1,-1
92,4,1100.668091,38.658783,35.681030,46.153244,0.808067,-1,-1,-1
92,3,1229.601807,89.981415,51.716553,63.386307,0.808067,-1,-1,-1
93,3,1230.162842,90.506378,49.553467,61.489014,0.808067,-1,-1,-1
93,4,1096.314819,34.862228,38.176880,49.106552,0.746139,-1,-1,-1
94,3,1230.459473,89.845917,49.714722,59.975601,0.857768,-1,-1,-1
94,4,1084.290771,40.215775,40.434082,52.164001,0.746139,-1,-1,-1
95,3,1230.971680,89.261215,51.480469,61.753601,0.857768,-1,-1,-1
95,4,1084.616699,41.836121,40.111938,49.682877,0.746139,-1,-1,-1
96,3,1230.178589,88.909470,52.246826,61.496292,0.857768,-1,-1,-1
96,4,1084.290771,41.127548,40.434082,49.262924,0.746139,-1,-1,-1
97,3,1230.449341,89.935135,51.485107,60.464127,0.857768,-1,-1,-1
97,4,1085.564453,41.800323,40.584229,49.221909,0.746139,-1,-1,-1
98,3,1232.353516,89.785583,50.862427,61.862320,0.808067,-1,-1,-1
98,4,1069.358521,41.934082,42.059814,54.195740,0.746139,-1,-1,-1
99,4,1055.997192,44.561050,40.848755,49.375351,0.808067,-1,-1,-1
99,3,1234.289307,90.807404,47.103027,59.587921,0.808067,-1,-1,-1
100,4,1049.333984,44.974686,41.633789,49.811508,0.808067,-1,-1,-1
100,3,1233.892822,89.363297,50.844482,63.290451,0.808067,-1,-1,-1
101,4,1044.548828,47.825317,39.760254,49.952682,0.808067,-1,-1,-1
101,3,1235.994629,87.774628,52.209961,65.601151,0.808067,-1,-1,-1
102,4,1043.815674,46.091995,40.163086,52.396088,0.808067,-1,-1,-1
102,3,1235.879150,87.770370,53.245361,65.957108,0.808067,-1,-1,-1
103,4,1035.990356,45.562866,42.523926,53.058197,0.746139,-1,-1,-1
103,3,1237.006592,89.435944,52.166748,65.015076,0.746139,-1,-1,-1
104,4,1029.406738,43.504303,42.747681,54.272003,0.746139,-1,-1,-1
104,3,1238.311523,89.524658,51.350830,64.530075,0.746139,-1,-1,-1
105,4,1026.431030,47.282318,42.398315,53.268814,0.808067,-1,-1,-1
105,3,1239.449463,89.694489,49.635376,63.592941,0.672332,-1,-1,-1
106,4,1021.734985,50.615295,42.131226,49.880447,0.857768,-1,-1,-1
106,3,1238.371826,90.218079,51.159424,64.192337,0.672332,-1,-1,-1
107,4,1017.931763,52.505585,43.624146,52.865662,0.808067,-1,-1,-1
107,3,1239.605469,88.961197,49.546021,63.561493,0.672332,-1,-1,-1
108,4,1014.907837,55.024384,42.593140,58.077942,0.746139,-1,-1,-1
108,3,1239.651611,90.145020,50.012451,63.169830,0.672332,-1,-1,-1
109,4,1013.008850,57.400955,44.126648,57.430847,0.808067,-1,-1,-1
109,3,1239.464111,89.935272,49.114014,63.412674,0.746139,-1,-1,-1
110,4,1009.487671,63.329498,43.939575,53.507309,0.808067,-1,-1,-1
110,3,1237.778198,88.123627,50.429810,62.899475,0.746139,-1,-1,-1
111,4,1009.109253,63.395233,44.311646,52.984589,0.808067,-1,-1,-1
111,3,1237.728638,88.508194,51.306763,63.144608,0.808067,-1,-1,-1
112,4,1006.486328,65.087723,43.958374,57.127808,0.808067,-1,-1,-1
112,3,1235.427002,86.635849,50.443359,59.854935,0.808067,-1,-1,-1
113,4,1004.694031,66.330048,44.641785,56.326172,0.808067,-1,-1,-1
113,3,1237.144531,86.246979,50.235474,60.192993,0.808067,-1,-1,-1
114,4,1003.344482,64.712128,44.574463,57.474792,0.808067,-1,-1,-1
114,3,1234.316650,86.234573,51.897339,59.190994,0.808067,-1,-1,-1
115,3,1235.066284,85.504486,51.732178,59.685104,0.857768,-1,-1,-1
115,4,1002.418091,65.072113,45.699341,57.108444,0.808067,-1,-1,-1
116,4,994.344971,71.866150,49.658691,56.865463,0.808067,-1,-1,-1
116,3,1233.408203,85.137131,51.422607,61.883560,0.808067,-1,-1,-1
117,3,1232.433350,84.759750,51.795898,62.491333,0.857768,-1,-1,-1
117,4,990.985352,73.280823,50.753662,61.328705,0.808067,-1,-1,-1
118,3,1231.395508,85.485901,51.573364,62.457687,0.808067,-1,-1,-1
118,4,984.730591,77.234985,51.351685,63.375732,0.746139,-1,-1,-1
119,4,979.033264,80.705841,54.092224,57.907837,0.808067,-1,-1,-1
119,3,1230.967651,86.291702,52.248291,64.969482,0.808067,-1,-1,-1
120,3,1230.185181,85.583771,52.842407,64.751495,0.808067,-1,-1,-1
120,4,977.532532,89.783798,53.537537,58.645889,0.746139,-1,-1,-1
121,3,1230.185181,86.304245,53.241699,64.046494,0.808067,-1,-1,-1
121,4,977.021484,89.753540,54.079468,58.717255,0.746139,-1,-1,-1
122,3,1231.033813,88.160614,51.993164,63.837158,0.808067,-1,-1,-1
122,4,969.938843,94.822998,56.328735,69.674057,0.746139,-1,-1,-1
123,3,1230.763916,87.543869,52.320923,64.122162,0.808067,-1,-1,-1
123,4,969.203491,94.084167,55.838013,69.749359,0.746139,-1,-1,-1
124,3,1231.057129,88.245438,51.530640,65.151901,0.808067,-1,-1,-1
124,4,960.730591,97.367706,57.495605,68.904877,0.672332,-1,-1,-1
125,3,1231.100098,88.193298,52.416382,65.202118,0.808067,-1,-1,-1
125,4,953.838501,96.769638,59.938232,71.253891,0.746139,-1,-1,-1
126,3,1230.244507,89.146637,50.480347,64.235184,0.808067,-1,-1,-1
126,4,945.261108,106.494553,57.623535,72.786118,0.808067,-1,-1,-1
127,4,944.371216,108.732697,57.434082,72.034241,0.808067,-1,-1,-1
127,3,1231.332886,90.717499,51.041382,63.383011,0.808067,-1,-1,-1
128,4,941.552979,112.678207,57.658936,77.676361,0.857768,-1,-1,-1
128,3,1232.147949,90.560440,48.531860,61.953873,0.746139,-1,-1,-1
129,4,940.946777,113.585815,58.621826,75.256714,0.857768,-1,-1,-1
129,3,1232.573242,90.460464,46.911133,61.422684,0.808067,-1,-1,-1
130,3,1233.709961,91.271713,46.788086,62.738434,0.808067,-1,-1,-1
130,4,938.220337,120.571426,58.240173,75.175232,0.808067,-1,-1,-1
131,4,935.979980,125.282410,57.786255,76.430969,0.808067,-1,-1,-1
131,3,1233.344849,90.728027,46.680786,63.537643,0.746139,-1,-1,-1
132,3,1230.880981,91.201675,49.617310,62.064194,0.808067,-1,-1,-1
132,4,933.385620,136.648773,58.221069,75.958374,0.808067,-1,-1,-1
133,4,931.687256,138.240875,61.303772,78.960159,0.857768,-1,-1,-1
133,3,1233.340088,93.119064,46.192383,61.971863,0.746139,-1,-1,-1
134,4,929.772766,141.735168,62.188538,79.994934,0.857768,-1,-1,-1
134,3,1231.253052,93.119522,48.750977,61.696060,0.746139,-1,-1,-1
135,4,927.984192,148.367523,64.460083,84.170334,0.857768,-1,-1,-1
135,3,1230.462646,94.557587,49.053711,62.493210,0.672332,-1,-1,-1
136,4,923.090332,154.499084,67.113892,88.214401,0.857768,-1,-1,-1
136,3,1229.888062,92.330154,50.551147,61.656143,0.672332,-1,-1,-1
137,4,922.893555,155.244095,66.748840,86.992630,0.857768,-1,-1,-1
137,3,1229.828613,91.706314,50.829102,64.188309,0.672332,-1,-1,-1
138,4,918.972290,159.626266,69.091797,94.125870,0.808067,-1,-1,-1
138,3,1231.515625,90.930267,49.452637,62.026337,0.672332,-1,-1,-1
139,4,913.849365,175.048920,67.914734,91.162354,0.857768,-1,-1,-1
139,3,1229.792847,90.730499,49.678223,60.866913,0.746139,-1,-1,-1
140,4,913.108704,184.414673,70.155945,94.047668,0.808067,-1,-1,-1
140,3,1229.663574,89.813782,49.552734,60.375778,0.746139,-1,-1,-1
141,4,908.670227,189.606857,74.595337,101.935257,0.857768,-1,-1,-1
141,3,1231.005249,89.654022,47.179077,60.465546,0.746139,-1,-1,-1
142,4,907.954590,200.718979,73.455566,99.421768,0.857768,-1,-1,-1
142,3,1231.433838,89.850266,47.563110,62.100540,0.808067,-1,-1,-1
143,4,907.948730,201.450348,74.182312,98.650360,0.857768,-1,-1,-1
143,3,1232.574585,90.469437,45.902100,60.478271,0.808067,-1,-1,-1
144,3,1230.782715,89.740311,47.401611,60.639496,0.808067,-1,-1,-1
144,4,904.011658,210.557373,74.987915,107.063904,0.808067,-1,-1,-1
145,4,901.652161,219.835007,76.156860,104.976761,0.808067,-1,-1,-1
145,3,1232.668823,88.292542,46.844116,60.595551,0.746139,-1,-1,-1
146,4,900.619507,218.406281,77.169312,107.024963,0.808067,-1,-1,-1
146,3,1232.182495,87.282486,47.330933,62.222992,0.746139,-1,-1,-1
147,4,900.617798,217.978088,76.635742,107.888580,0.808067,-1,-1,-1
147,3,1231.563843,87.282486,47.935303,61.684067,0.746139,-1,-1,-1
148,3,1223.226929,90.767624,53.807373,61.907272,0.746139,-1,-1,-1
148,4,897.749634,236.900391,85.135803,126.597748,0.746139,-1,-1,-1
149,3,1223.220215,90.535446,53.762207,62.143387,0.746139,-1,-1,-1
149,4,898.716064,242.452332,89.697876,125.695587,0.746139,-1,-1,-1
150,3,1223.969604,90.268158,53.004517,62.069092,0.746139,-1,-1,-1
150,4,907.616455,252.933746,88.779968,122.924377,0.746139,-1,-1,-1
151,3,1227.270996,90.584473,50.335449,62.090469,0.746139,-1,-1,-1
151,4,914.629944,267.844360,89.038513,122.309540,0.746139,-1,-1,-1
152,4,924.696777,280.813721,90.138184,113.077362,0.808067,-1,-1,-1
152,3,1226.201904,90.535263,50.828125,62.147369,0.746139,-1,-1,-1
153,3,1225.468262,90.287292,51.505615,63.837112,0.746139,-1,-1,-1
153,4,948.377686,312.525421,93.798096,118.473633,0.746139,-1,-1,-1
154,4,963.305969,323.286163,95.347717,123.941803,0.808067,-1,-1,-1
154,3,1225.465088,91.434814,50.570679,61.968658,0.746139,-1,-1,-1
155,4,978.301758,336.482483,99.468018,124.097076,0.857768,-1,-1,-1
155,3,1226.569092,91.081924,51.091431,61.584000,0.746139,-1,-1,-1
156,3,1225.848022,90.212219,52.368530,62.433609,0.746139,-1,-1,-1
156,4,989.655518,347.323730,101.343750,114.846649,0.672332,-1,-1,-1
157,4,996.559021,355.991730,113.813782,148.019989,0.857768,-1,-1,-1
157,3,1227.698975,90.510910,51.647339,62.825317,0.808067,-1,-1,-1
158,4,1003.971497,365.885193,117.821106,151.808777,0.857768,-1,-1,-1
158,3,1228.042969,91.642548,51.362915,61.005798,0.808067,-1,-1,-1
159,4,1016.101563,377.771027,120.492920,152.786041,0.857768,-1,-1,-1
159,3,1228.433594,91.925171,53.137207,62.192001,0.808067,-1,-1,-1
160,3,1233.964111,92.592773,49.819580,62.260254,0.808067,-1,-1,-1
160,4,1021.392090,391.659027,122.966064,163.833405,0.808067,-1,-1,-1
161,3,1235.105957,93.745560,50.481201,61.480133,0.808067,-1,-1,-1
161,4,1030.165405,411.010620,126.016235,146.897949,0.746139,-1,-1,-1
162,3,1234.172974,91.775482,52.663940,64.203186,0.857768,-1,-1,-1
162,4,1044.554199,435.193176,130.337524,153.907104,0.808067,-1,-1,-1
163,3,1233.867432,91.245117,53.138794,65.488770,0.808067,-1,-1,-1
163,4,1046.194214,434.625916,128.313354,150.964905,0.808067,-1,-1,-1
164,3,1234.215698,96.218994,52.278320,62.381287,0.808067,-1,-1,-1
164,4,1053.400757,455.390625,136.951172,155.871704,0.746139,-1,-1,-1
165,3,1234.427490,96.828186,53.078735,60.698181,0.746139,-1,-1,-1
165,4,1066.460205,482.913208,138.667725,156.474609,0.746139,-1,-1,-1
166,3,1234.638672,95.169571,55.743408,63.428101,0.808067,-1,-1,-1
166,4,1083.383423,506.229309,146.717407,171.060364,0.808067,-1,-1,-1
167,3,1240.333984,98.187149,51.677002,62.857864,0.746139,-1,-1,-1
167,4,1111.842529,548.481262,159.398804,164.181335,0.672332,-1,-1,-1
168,3,1240.911377,98.618683,52.490112,61.423370,0.746139,-1,-1,-1
168,4,1127.220337,564.127991,166.130737,199.259827,0.500000,-1,-1,-1
169,3,1239.962280,98.915634,53.796265,61.557770,0.746139,-1,-1,-1
170,3,1241.090088,98.542694,53.421387,64.574707,0.746139,-1,-1,-1
170,4,1153.814453,585.377197,175.394897,180.494141,0.746139,-1,-1,-1
171,3,1246.389648,99.032639,48.850952,62.177628,0.672332,-1,-1,-1
171,4,1190.828369,607.588989,162.102173,171.585449,0.500000,-1,-1,-1
172,3,1244.566772,98.670868,51.426270,65.528046,0.746139,-1,-1,-1
172,8,1257.503662,678.105103,168.516846,188.036865,0.588889,-1,-1,-1
173,3,1242.378052,97.915970,54.366455,65.701035,0.746139,-1,-1,-1
174,3,1242.365723,97.745270,53.630859,66.380310,0.746139,-1,-1,-1
174,9,1286.512329,709.925720,181.491577,188.494629,0.500000,-1,-1,-1
175,3,1241.813843,98.176071,54.182983,64.304214,0.746139,-1,-1,-1
176,3,1241.743408,99.170288,54.251953,65.724792,0.746139,-1,-1,-1
177,3,1243.272461,99.006042,53.474976,64.769165,0.746139,-1,-1,-1
177,10,1397.004150,784.189331,168.582397,192.528381,0.500000,-1,-1,-1
178,3,1244.583130,100.016235,52.532593,63.175873,0.672332,-1,-1,-1
179,3,1243.503174,100.016739,51.365112,62.701126,0.746139,-1,-1,-1
180,3,1244.174683,100.016327,51.813721,61.834076,0.672332,-1,-1,-1
181,3,1243.503418,100.047592,51.738403,61.309067,0.746139,-1,-1,-1
182,3,1243.832642,101.071426,52.165283,60.489212,0.746139,-1,-1,-1
183,3,1242.274902,100.677063,52.968506,64.054688,0.746139,-1,-1,-1
184,3,1243.763916,101.742188,50.359375,61.087738,0.672332,-1,-1,-1
185,3,1245.169556,101.742279,49.315552,60.564514,0.672332,-1,-1,-1
186,3,1247.098145,100.503204,48.893799,59.753128,0.746139,-1,-1,-1
187,3,1243.878540,100.118042,52.112061,61.013443,0.746139,-1,-1,-1
188,3,1244.481934,99.684311,49.643555,62.168015,0.746139,-1,-1,-1
189,3,1243.550415,101.298615,50.944580,61.344864,0.746139,-1,-1,-1
190,3,1244.311279,101.821014,48.369995,60.076721,0.672332,-1,-1,-1
191,3,1245.434937,101.273117,47.963623,59.882309,0.672332,-1,-1,-1
192,3,1244.311035,101.273254,49.079712,61.241547,0.672332,-1,-1,-1
193,3,1238.435913,100.523392,53.597046,63.953888,0.746139,-1,-1,-1
194,3,1240.264771,101.263046,52.449585,63.029800,0.746139,-1,-1,-1
195,3,1241.316528,100.034912,49.701782,60.199631,0.746139,-1,-1,-1
196,3,1241.896240,99.638489,48.513306,60.644119,0.746139,-1,-1,-1
197,3,1241.162964,100.016144,49.245483,60.263992,0.672332,-1,-1,-1
198,3,1232.941162,95.321503,52.037964,63.263763,0.808067,-1,-1,-1
199,3,1228.248535,95.115875,53.895996,63.539703,0.857768,-1,-1,-1
200,3,1228.151611,95.967773,53.860840,63.409149,0.808067,-1,-1,-1
201,3,1226.626221,90.466461,53.547607,65.440796,0.857768,-1,-1,-1
202,3,1227.351807,89.669449,51.067505,61.235596,0.746139,-1,-1,-1
203,3,1224.732910,90.784836,51.269287,60.151657,0.746139,-1,-1,-1
204,3,1223.982666,91.021454,52.994385,60.933929,0.746139,-1,-1,-1
205,3,1222.111816,90.190018,55.472900,61.094742,0.746139,-1,-1,-1
206,3,1223.213989,89.612411,53.775879,60.724960,0.746139,-1,-1,-1
207,3,1220.650146,89.601837,56.345215,61.349213,0.672332,-1,-1,-1
208,3,1219.618286,89.614334,56.397461,62.349518,0.672332,-1,-1,-1
209,3,1219.942993,88.615997,55.436157,61.070572,0.672332,-1,-1,-1
210,3,1219.636108,89.650864,56.021606,64.451019,0.746139,-1,-1,-1
211,3,1220.647461,91.612381,53.960938,61.089706,0.672332,-1,-1,-1
212,3,1223.220581,90.912094,53.120361,58.853714,0.746139,-1,-1,-1
213,3,1221.357910,91.358276,54.650269,60.617889,0.746139,-1,-1,-1
214,3,1222.829956,92.071655,53.197388,60.264313,0.672332,-1,-1,-1
215,3,1224.705444,91.590271,50.599609,58.822449,0.746139,-1,-1,-1
216,3,1224.705444,92.107956,50.599609,58.913223,0.746139,-1,-1,-1
217,3,1221.364624,92.047348,52.508545,59.281357,0.746139,-1,-1,-1
218,3,1222.071655,90.853088,52.532349,61.118042,0.746139,-1,-1,-1
219,3,1222.803223,91.622910,51.800903,60.320389,0.746139,-1,-1,-1
220,3,1224.742310,91.790039,49.887573,57.916214,0.746139,-1,-1,-1
221,3,1222.096191,90.952560,52.534180,60.011124,0.746139,-1,-1,-1
222,3,1223.212402,91.205521,51.425049,59.155746,0.746139,-1,-1,-1
223,3,1221.353760,90.828873,53.248779,61.847992,0.746139,-1,-1,-1
224,3,1222.062744,91.593567,52.537842,61.772919,0.746139,-1,-1,-1
225,3,1220.639038,91.358231,52.855713,60.983826,0.746139,-1,-1,-1
226,3,1226.598145,91.463516,50.396606,60.536362,0.808067,-1,-1,-1
227,3,1224.730713,90.244995,52.231323,62.418320,0.746139,-1,-1,-1
228,3,1226.564453,90.496902,50.402588,62.166275,0.746139,-1,-1,-1
229,3,1226.567871,90.806122,50.400757,60.507568,0.746139,-1,-1,-1
230,3,1225.890137,91.050247,52.576904,60.589600,0.808067,-1,-1,-1
231,3,1228.994873,91.640945,51.055664,61.027863,0.808067,-1,-1,-1
232,3,1228.699341,91.436417,51.517578,61.926224,0.808067,-1,-1,-1
233,3,1230.535767,90.508942,51.839233,62.867203,0.857768,-1,-1,-1
234,3,1232.075684,92.018692,50.024170,61.340332,0.857768,-1,-1,-1
235,3,1235.474731,92.351257,49.590210,61.392838,0.808067,-1,-1,-1
236,3,1234.860107,90.221054,50.852661,63.146530,0.857768,-1,-1,-1
237,3,1235.471924,91.043976,52.513184,62.337936,0.857768,-1,-1,-1
238,3,1235.114258,90.905685,53.188965,62.831863,0.808067,-1,-1,-1
239,3,1234.011963,91.452576,54.563232,63.011719,0.857768,-1,-1,-1
240,3,1234.411865,91.453354,53.016235,62.290421,0.808067,-1,-1,-1
241,3,1236.385742,91.829773,51.997070,59.846237,0.808067,-1,-1,-1
242,3,1237.144653,91.796494,50.426147,60.529907,0.808067,-1,-1,-1
243,3,1237.716431,92.241531,50.267822,59.432236,0.808067,-1,-1,-1
244,3,1237.467529,92.354141,51.493652,60.289444,0.808067,-1,-1,-1
245,3,1236.784180,92.929642,51.625732,60.447098,0.808067,-1,-1,-1
246,3,1236.702881,93.071228,51.707275,61.040497,0.808067,-1,-1,-1
247,3,1236.785522,92.925705,51.557495,59.414703,0.808067,-1,-1,-1
248,3,1235.498779,92.955460,52.749146,61.516525,0.808067,-1,-1,-1
249,3,1233.082886,94.184967,54.301147,60.680557,0.857768,-1,-1,-1
250,3,1233.531738,93.248886,54.217773,61.616547,0.808067,-1,-1,-1
251,3,1234.261108,93.355820,53.537109,60.769180,0.857768,-1,-1,-1
252,3,1233.082642,92.516281,54.715576,61.606155,0.808067,-1,-1,-1
253,3,1232.678223,92.758759,54.408813,63.233963,0.808067,-1,-1,-1
254,3,1232.971558,93.257904,54.348999,62.727219,0.808067,-1,-1,-1
255,3,1232.702881,94.385834,53.425171,60.449615,0.808067,-1,-1,-1
256,3,1232.973145,94.623001,53.239380,61.361893,0.808067,-1,-1,-1
257,3,1229.125000,95.454437,55.708496,62.428482,0.808067,-1,-1,-1
258,3,1228.149902,93.260376,56.380371,64.242691,0.808067,-1,-1,-1
259,3,1228.843384,93.820953,55.351440,64.058853,0.808067,-1,-1,-1
260,3,1227.402100,94.782532,55.972412,63.823380,0.808067,-1,-1,-1
261,3,1227.375610,93.490311,53.124023,64.360291,0.857768,-1,-1,-1
262,3,1226.668213,93.219864,54.252075,63.513245,0.808067,-1,-1,-1
263,3,1227.419434,94.394211,52.545288,63.066422,0.808067,-1,-1,-1
264,3,1230.468262,93.795914,49.433228,64.012619,0.746139,-1,-1,-1
265,3,1228.448242,94.643921,49.720337,63.195831,0.746139,-1,-1,-1
266,3,1227.369141,91.277985,50.226074,61.395905,0.808067,-1,-1,-1
267,3,1227.328857,89.937149,50.272949,63.451218,0.746139,-1,-1,-1
268,3,1228.350342,90.512741,49.833984,62.169250,0.808067,-1,-1,-1
269,3,1225.102661,91.011932,53.149048,62.377808,0.746139,-1,-1,-1
270,3,1224.741333,90.375458,53.481812,63.782547,0.746139,-1,-1,-1
271,3,1222.850830,90.834183,54.134644,62.558578,0.672332,-1,-1,-1
272,3,1223.243164,90.336685,53.739014,61.317902,0.746139,-1,-1,-1
273,3,1222.857910,90.463760,53.822876,62.937607,0.746139,-1,-1,-1
274,3,1220.664795,91.142212,54.640381,62.272430,0.672332,-1,-1,-1
275,3,1220.664795,91.713409,55.326782,61.701416,0.672332,-1,-1,-1
276,3,1220.629150,90.730408,49.858643,60.623474,0.672332,-1,-1,-1
277,3,1220.640747,91.799744,49.475464,58.629364,0.672332,-1,-1,-1
278,3,1218.177490,90.637207,51.157227,61.058624,0.588889,-1,-1,-1
279,3,1217.601318,90.570190,52.448975,60.485916,0.672332,-1,-1,-1
280,3,1219.007202,91.600113,49.646851,60.106384,0.588889,-1,-1,-1
281,3,1218.905518,91.965591,49.755493,61.467453,0.588889,-1,-1,-1
282,3,1216.350342,92.191544,52.280029,61.224243,0.588889,-1,-1,-1
283,3,1217.646606,92.197769,49.996460,61.232208,0.588889,-1,-1,-1
284,3,1217.450195,93.358795,51.988403,61.882324,0.672332,-1,-1,-1
285,3,1217.820801,92.197311,49.852783,63.834274,0.672332,-1,-1,-1
286,3,1217.315308,92.183990,50.671021,63.067657,0.746139,-1,-1,-1
287,3,1218.004028,92.003082,47.826904,61.405792,0.672332,-1,-1,-1
288,3,1218.829468,92.553131,48.852417,59.127960,0.672332,-1,-1,-1
289,3,1219.477905,92.239700,48.529419,61.161438,0.672332,-1,-1,-1
290,3,1217.643555,92.379364,51.758057,61.369034,0.746139,-1,-1,-1
291,3,1222.008057,90.885635,49.250977,58.195953,0.746139,-1,-1,-1
292,3,1222.779785,91.055099,49.221680,59.241806,0.746139,-1,-1,-1
293,3,1223.188721,90.784195,48.814209,58.643463,0.746139,-1,-1,-1
294,3,1222.464600,91.004059,51.038818,59.319260,0.746139,-1,-1,-1
295,3,1222.074463,90.784149,51.422363,58.934509,0.672332,-1,-1,-1
296,3,1223.195923,90.262619,49.929565,60.999847,0.672332,-1,-1,-1
297,3,1220.271240,89.534088,53.268311,60.579437,0.672332,-1,-1,-1
298,3,1220.683960,89.834473,53.921509,60.534851,0.746139,-1,-1,-1
299,3,1219.886963,88.916428,53.965820,60.447922,0.672332,-1,-1,-1
300,3,1219.652710,90.315125,53.101196,61.680588,0.746139,-1,-1,-1
301,3,1221.362671,89.770752,52.149536,62.217361,0.746139,-1,-1,-1
302,3,1222.071777,89.732941,50.691406,62.249222,0.746139,-1,-1,-1
303,3,1223.970825,89.689636,48.798096,60.704086,0.746139,-1,-1,-1
304,3,1221.355469,90.311600,51.406860,58.655319,0.746139,-1,-1,-1
305,3,1219.967529,89.666016,52.033691,59.573044,0.746139,-1,-1,-1
306,3,1221.724121,89.651825,50.279175,60.748672,0.672332,-1,-1,-1
307,3,1222.463379,90.515808,49.543945,59.879242,0.672332,-1,-1,-1
308,3,1222.457520,90.515076,49.542114,59.286118,0.672332,-1,-1,-1
309,3,1220.618408,89.058197,50.629150,59.957748,0.672332,-1,-1,-1
310,3,1220.287720,88.373474,50.963257,60.142914,0.746139,-1,-1,-1
311,3,1220.629028,88.451019,52.122803,62.554321,0.672332,-1,-1,-1
312,3,1218.891846,89.648117,54.621948,60.104599,0.746139,-1,-1,-1
313,3,1218.947266,89.795197,53.043091,62.906845,0.672332,-1,-1,-1
314,3,1219.879272,89.710968,51.363403,62.974136,0.672332,-1,-1,-1
315,3,1217.989380,89.093124,52.479858,62.915909,0.672332,-1,-1,-1
316,3,1218.753052,89.757980,51.707886,61.927414,0.672332,-1,-1,-1
317,3,1217.454590,90.515579,51.869507,62.189484,0.672332,-1,-1,-1
318,3,1217.223633,89.935181,53.140991,62.770844,0.672332,-1,-1,-1
319,3,1215.791992,90.648926,52.836426,61.718582,0.672332,-1,-1,-1
320,3,1216.837280,90.808777,51.109009,61.902786,0.672332,-1,-1,-1
321,3,1215.162842,92.193649,52.770874,61.956757,0.746139,-1,-1,-1
322,3,1215.645508,92.256500,50.721191,63.003937,0.746139,-1,-1,-1
323,3,1216.973267,93.344330,50.046021,61.910797,0.746139,-1,-1,-1
324,3,1216.718506,93.420319,51.268799,61.832016,0.746139,-1,-1,-1
325,3,1220.543335,92.470367,47.462769,60.937729,0.746139,-1,-1,-1
326,3,1219.859253,92.331757,49.904663,61.079773,0.746139,-1,-1,-1
327,3,1216.846313,91.789993,52.548950,61.613068,0.746139,-1,-1,-1
328,3,1216.815186,91.416916,53.674683,61.981613,0.808067,-1,-1,-1
329,3,1221.285645,91.845200,50.729492,62.253937,0.746139,-1,-1,-1
330,3,1221.226807,92.616302,50.014771,62.245193,0.672332,-1,-1,-1
331,3,1220.688965,91.009644,53.896973,65.030136,0.746139,-1,-1,-1
332,3,1221.348267,91.566467,54.309937,65.196030,0.672332,-1,-1,-1
333,3,1222.133057,90.800446,54.190186,65.956650,0.672332,-1,-1,-1
334,3,1220.354980,91.614716,56.000122,67.037796,0.746139,-1,-1,-1
335,3,1220.689209,91.645981,55.991455,66.247833,0.746139,-1,-1,-1
336,3,1224.723999,93.787628,50.607422,62.225555,0.672332,-1,-1,-1
337,3,1224.727783,94.090256,50.586914,61.902191,0.672332,-1,-1,-1
338,3,1222.115112,91.658157,52.483398,62.829163,0.672332,-1,-1,-1
339,3,1223.980469,91.756256,50.622192,60.245041,0.672332,-1,-1,-1
340,3,1222.102173,90.315262,51.767700,61.695694,0.746139,-1,-1,-1
341,3,1221.345947,90.343460,53.260498,63.054749,0.746139,-1,-1,-1
342,3,1221.353882,90.316177,53.246216,63.082077,0.746139,-1,-1,-1
343,3,1221.377075,90.536362,53.224487,61.477112,0.746139,-1,-1,-1
344,3,1219.988037,89.741455,54.613525,62.965393,0.746139,-1,-1,-1
345,3,1219.658325,90.316315,55.677612,63.830017,0.746139,-1,-1,-1
346,3,1219.319336,90.646179,56.001831,63.876709,0.746139,-1,-1,-1
347,3,1218.405884,89.757568,56.930054,65.513947,0.746139,-1,-1,-1
348,3,1219.994019,91.166519,55.670044,62.988876,0.746139,-1,-1,-1
349,3,1219.013306,90.374405,57.318726,65.657639,0.746139,-1,-1,-1
350,3,1219.024902,90.644943,57.314941,65.402252,0.672332,-1,-1,-1
351,3,1219.019897,90.606766,56.644165,66.182785,0.746139,-1,-1,-1
352,3,1221.402466,91.745865,54.245117,63.543228,0.746139,-1,-1,-1
353,3,1221.371826,90.416473,54.292236,64.120605,0.672332,-1,-1,-1
354,3,1219.956055,91.137451,57.051270,65.732025,0.672332,-1,-1,-1
355,3,1222.463989,91.783081,53.547485,66.148041,0.672332,-1,-1,-1
356,3,1223.195313,92.977798,51.394165,63.045776,0.672332,-1,-1,-1
357,3,1221.356934,91.709381,52.139160,64.308014,0.672332,-1,-1,-1
358,3,1220.672119,91.264160,53.221191,63.987213,0.746139,-1,-1,-1
359,3,1221.354004,91.590088,53.231934,63.305511,0.746139,-1,-1,-1
360,3,1221.364502,92.254623,51.745117,61.155624,0.746139,-1,-1,-1
361,3,1218.412109,88.929108,56.903809,65.107040,0.672332,-1,-1,-1
362,3,1221.427124,93.080063,56.157104,64.468506,0.672332,-1,-1,-1
363,3,1220.718750,92.616348,55.283081,64.185242,0.672332,-1,-1,-1
364,3,1220.714844,92.157486,56.251953,65.404495,0.746139,-1,-1,-1
365,3,1220.026733,92.572815,57.547241,66.790054,0.746139,-1,-1,-1
366,3,1221.420410,92.746948,56.161499,65.903091,0.746139,-1,-1,-1
367,3,1221.410400,93.630020,57.557373,67.457886,0.746139,-1,-1,-1
368,3,1221.428955,92.244690,56.747803,67.920227,0.746139,-1,-1,-1
369,3,1221.427612,92.182205,57.559448,67.266724,0.746139,-1,-1,-1
370,3,1223.995361,92.722549,54.511841,64.791275,0.746139,-1,-1,-1
371,3,1223.994751,92.194931,55.004395,63.827820,0.746139,-1,-1,-1
372,3,1221.418335,91.794891,55.569702,61.964035,0.746139,-1,-1,-1
373,3,1221.423462,93.262756,54.573853,60.510452,0.746139,-1,-1,-1
374,3,1222.499512,93.084961,53.841187,60.680511,0.746139,-1,-1,-1
375,3,1220.313965,91.106644,56.004883,60.595001,0.672332,-1,-1,-1
376,3,1221.698242,89.753632,53.973877,61.575073,0.672332,-1,-1,-1
377,3,1219.011963,90.498230,52.987793,59.342880,0.672332,-1,-1,-1
378,3,1219.645020,90.265961,53.090088,59.565720,0.672332,-1,-1,-1
379,3,1218.388916,89.711060,53.591187,59.301956,0.672332,-1,-1,-1
380,3,1218.975098,89.709869,52.240723,59.277649,0.672332,-1,-1,-1
381,3,1218.960815,89.731659,51.145386,60.104462,0.672332,-1,-1,-1
382,3,1218.974976,89.708496,50.414185,59.569702,0.672332,-1,-1,-1
