0,2,609.446472,394.461914,57.914795,67.593384,0.672332,-1,-1,-1
1,2,609.579590,395.273346,57.781921,64.528015,0.588889,-1,-1,-1
2,2,609.709595,396.016571,58.300964,66.441833,0.672332,-1,-1,-1
3,2,608.036987,396.163330,59.001038,65.363342,0.588889,-1,-1,-1
4,2,607.598328,396.113251,58.259338,63.863251,0.588889,-1,-1,-1
5,2,608.456848,396.843292,57.970276,64.492310,0.588889,-1,-1,-1
6,2,609.305847,395.388885,57.734131,64.239075,0.588889,-1,-1,-1
7,2,608.730835,395.915222,59.285461,62.255585,0.588889,-1,-1,-1
8,2,609.814697,398.791168,57.865662,63.737000,0.588889,-1,-1,-1
9,2,608.179932,398.948181,60.510437,66.345062,0.588889,-1,-1,-1
10,2,608.071472,397.185242,59.607239,67.130585,0.672332,-1,-1,-1
11,2,608.676697,398.170258,59.009399,64.817322,0.588889,-1,-1,-1
12,2,608.494446,398.937836,58.550171,65.985901,0.588889,-1,-1,-1
13,2,609.870972,400.164642,57.173706,63.268066,0.500000,-1,-1,-1
14,2,609.161133,398.969696,59.533752,62.714264,0.500000,-1,-1,-1
15,2,611.380493,409.223694,56.311157,60.319885,0.500000,-1,-1,-1
16,2,612.326660,404.364716,56.033325,63.744141,0.500000,-1,-1,-1
17,2,611.966858,402.457855,56.389648,63.996552,0.500000,-1,-1,-1
18,2,610.999634,402.329773,57.348572,65.757111,0.500000,-1,-1,-1
19,2,611.831421,402.332062,56.868164,64.955658,0.500000,-1,-1,-1
20,2,610.711975,398.289825,58.689331,67.767059,0.588889,-1,-1,-1
21,2,610.258057,399.036163,58.437805,65.648529,0.672332,-1,-1,-1
22,2,611.544861,398.961731,57.858215,67.502197,0.746139,-1,-1,-1
23,2,610.684631,398.991669,57.670776,67.485168,0.672332,-1,-1,-1
24,2,611.732788,399.212952,56.964417,67.283295,0.672332,-1,-1,-1
25,2,612.904419,399.868103,55.796021,66.630432,0.746139,-1,-1,-1
26,2,613.965210,398.577484,55.443970,67.866028,0.808067,-1,-1,-1
27,2,613.707458,399.957916,55.695679,65.434753,0.808067,-1,-1,-1
28,2,615.715088,402.863159,53.686035,64.375488,0.672332,-1,-1,-1
29,2,615.241455,400.591370,54.898071,65.924377,0.746139,-1,-1,-1
30,2,617.399963,402.993896,54.598694,64.260132,0.746139,-1,-1,-1
31,2,617.631531,399.933380,55.121582,67.304993,0.672332,-1,-1,-1
32,2,618.947571,399.677582,55.651428,66.439728,0.746139,-1,-1,-1
33,2,618.352539,396.899872,58.370178,69.573669,0.746139,-1,-1,-1
34,2,618.374878,395.229858,58.364563,70.129578,0.746139,-1,-1,-1
35,2,620.683655,396.822968,59.421082,69.293884,0.746139,-1,-1,-1
36,2,620.690063,391.874084,62.864075,72.116089,0.746139,-1,-1,-1
37,2,624.001709,389.664093,64.487366,71.825409,0.746139,-1,-1,-1
38,2,627.272217,389.462952,63.101929,74.415344,0.672332,-1,-1,-1
39,2,633.175903,394.256470,58.843262,71.874115,0.672332,-1,-1,-1
40,2,634.524841,388.666443,59.974976,73.682007,0.746139,-1,-1,-1
41,2,638.312439,389.129883,58.440247,69.658630,0.808067,-1,-1,-1
42,2,641.508484,388.112274,57.810120,67.012207,0.746139,-1,-1,-1
43,2,643.659302,388.181396,60.818542,67.838287,0.746139,-1,-1,-1
44,2,646.867554,383.965759,61.140564,68.391724,0.808067,-1,-1,-1
45,2,650.578064,386.000336,62.594238,68.506531,0.808067,-1,-1,-1
46,2,655.906433,390.017487,57.930054,63.134216,0.746139,-1,-1,-1
47,2,658.747681,390.037262,56.938110,64.057983,0.746139,-1,-1,-1
48,2,661.646973,387.291687,58.346863,66.589966,0.808067,-1,-1,-1
49,2,661.335327,387.498505,57.907043,66.051178,0.746139,-1,-1,-1
50,2,661.848328,388.471619,57.392700,65.626373,0.808067,-1,-1,-1
51,2,672.023682,388.850281,56.866333,61.809357,0.808067,-1,-1,-1
52,2,672.743896,387.978607,57.824951,63.030029,0.808067,-1,-1,-1
53,2,675.315430,386.247894,58.433350,64.232666,0.808067,-1,-1,-1
54,2,678.151672,387.279327,58.873962,64.756439,0.808067,-1,-1,-1
55,2,679.435059,385.682281,57.365112,65.542145,0.808067,-1,-1,-1
56,2,681.516418,386.985077,57.530090,65.510010,0.808067,-1,-1,-1
57,2,682.381653,387.464355,57.634888,64.852753,0.808067,-1,-1,-1
58,2,683.687012,386.609253,57.720459,64.872070,0.808067,-1,-1,-1
59,2,684.396484,385.741699,58.473145,65.581238,0.808067,-1,-1,-1
60,2,685.942139,385.900360,58.054565,65.118256,0.808067,-1,-1,-1
61,2,686.753174,386.267853,57.992493,64.708282,0.808067,-1,-1,-1
62,2,687.109680,386.471649,58.753113,64.549988,0.808067,-1,-1,-1
63,2,687.137939,385.327606,58.727966,65.646790,0.808067,-1,-1,-1
64,2,687.492798,385.132599,58.010742,64.678711,0.808067,-1,-1,-1
65,2,687.137939,386.163574,58.728821,64.453674,0.808067,-1,-1,-1
66,2,687.499939,386.111206,58.366821,64.243378,0.808067,-1,-1,-1
67,2,687.484985,384.249298,58.016235,64.517212,0.808067,-1,-1,-1
68,2,687.673767,383.971161,58.191467,64.156036,0.808067,-1,-1,-1
69,2,687.122803,385.132690,57.632568,64.585327,0.808067,-1,-1,-1
70,2,692.019348,385.834351,60.673401,65.715820,0.857768,-1,-1,-1
71,2,691.675598,385.492035,60.360291,65.095642,0.808067,-1,-1,-1
72,2,692.328064,383.988007,61.547180,67.703888,0.808067,-1,-1,-1
73,2,693.404907,386.227112,62.360840,66.757782,0.808067,-1,-1,-1
74,2,693.406250,385.841309,62.122864,66.985107,0.808067,-1,-1,-1
75,2,697.484192,385.652618,63.635315,72.265594,0.808067,-1,-1,-1
76,2,698.578430,388.843231,64.384949,71.606781,0.808067,-1,-1,-1
77,2,699.966187,389.057465,65.374634,71.684509,0.808067,-1,-1,-1
78,2,700.297180,388.914276,65.800598,71.585266,0.746139,-1,-1,-1
79,2,700.297180,388.272583,66.179321,72.238678,0.746139,-1,-1,-1
80,2,700.297180,388.857422,65.082092,71.627106,0.746139,-1,-1,-1
81,2,706.905579,392.515686,62.597839,72.138245,0.746139,-1,-1,-1
82,2,709.146179,395.073212,59.581665,69.620636,0.746139,-1,-1,-1
83,2,713.275452,393.251038,59.369080,74.009491,0.808067,-1,-1,-1
84,2,715.309448,397.013031,59.397217,72.473785,0.746139,-1,-1,-1
85,2,717.410706,396.796692,59.174866,75.514709,0.746139,-1,-1,-1
86,2,719.252197,396.546844,61.029236,76.100555,0.808067,-1,-1,-1
87,2,722.598145,397.875549,60.028809,75.789368,0.746139,-1,-1,-1
88,2,726.147034,398.803345,60.273193,75.476349,0.746139,-1,-1,-1
89,2,731.126770,408.435059,60.880554,73.450378,0.808067,-1,-1,-1
90,2,730.805481,405.691589,61.938538,77.032013,0.746139,-1,-1,-1
91,2,735.501099,406.641998,62.072998,76.464569,0.808067,-1,-1,-1
92,2,735.274048,406.887360,60.715332,77.176392,0.808067,-1,-1,-1
93,2,742.479492,410.467621,57.574036,77.074585,0.808067,-1,-1,-1
94,2,740.676880,409.876740,60.050110,77.052887,0.746139,-1,-1,-1
95,2,741.386536,409.878296,59.492859,77.042084,0.746139,-1,-1,-1
96,2,746.591553,410.724518,61.434814,78.651398,0.808067,-1,-1,-1
97,2,750.145691,410.801514,60.887939,76.830963,0.746139,-1,-1,-1
98,2,753.269775,412.745453,59.424561,77.341370,0.746139,-1,-1,-1
99,2,754.746643,414.830750,59.375610,74.917511,0.746139,-1,-1,-1
100,2,753.626953,413.019287,60.502441,75.636017,0.746139,-1,-1,-1
101,2,753.007446,411.453003,62.985962,77.892151,0.746139,-1,-1,-1
102,2,753.851685,412.389313,62.145386,77.708496,0.808067,-1,-1,-1
103,2,753.466248,411.353577,63.280212,78.383240,0.808067,-1,-1,-1
104,2,752.910461,411.611206,61.961060,79.574890,0.746139,-1,-1,-1
105,2,754.143188,412.681458,60.741089,77.405365,0.746139,-1,-1,-1
106,2,750.156982,410.936829,61.857300,78.969269,0.746139,-1,-1,-1
107,2,749.562195,409.769531,60.873230,78.635742,0.746139,-1,-1,-1
108,2,745.104797,407.324799,61.444031,79.587433,0.746139,-1,-1,-1
109,2,744.729370,407.659058,62.152832,79.328796,0.746139,-1,-1,-1
110,2,745.473877,406.549438,61.123657,79.372192,0.746139,-1,-1,-1
111,2,738.378113,409.262421,61.623474,76.991730,0.808067,-1,-1,-1
112,2,736.417847,409.259308,63.544495,79.384644,0.808067,-1,-1,-1
113,2,735.317627,408.285736,62.900818,79.186432,0.746139,-1,-1,-1
114,2,734.445007,410.642487,63.155579,79.402496,0.746139,-1,-1,-1
115,2,735.199951,413.335785,63.742126,78.638489,0.746139,-1,-1,-1
116,2,731.770996,410.230042,64.559204,78.985107,0.746139,-1,-1,-1
117,2,732.718506,411.951233,65.437317,79.987793,0.746139,-1,-1,-1
118,2,733.257446,414.380035,63.712891,77.597809,0.746139,-1,-1,-1
119,2,732.002380,413.910187,64.968018,78.132202,0.746139,-1,-1,-1
120,2,733.378296,414.864075,65.609924,81.224030,0.746139,-1,-1,-1
121,2,732.887512,410.615479,66.722839,86.894531,0.746139,-1,-1,-1
122,2,733.495422,416.405182,66.925232,84.839630,0.746139,-1,-1,-1
123,2,736.606812,419.091339,65.021057,80.537109,0.746139,-1,-1,-1
124,2,736.427612,419.186554,64.205261,80.950195,0.746139,-1,-1,-1
125,2,736.211121,414.953979,65.613770,83.075592,0.672332,-1,-1,-1
126,2,739.035706,420.600037,64.882385,80.764893,0.746139,-1,-1,-1
127,2,740.669495,419.412689,65.912048,81.796600,0.746139,-1,-1,-1
128,2,741.385010,421.962891,67.347534,88.993744,0.746139,-1,-1,-1
129,2,739.004639,421.062927,70.195313,89.831360,0.746139,-1,-1,-1
130,2,740.683838,423.612213,67.825134,91.312469,0.808067,-1,-1,-1
131,2,742.121704,425.479706,68.280273,87.996490,0.808067,-1,-1,-1
132,2,743.226379,425.789978,68.730774,89.406799,0.746139,-1,-1,-1
133,2,743.963440,428.957428,66.703430,87.751007,0.746139,-1,-1,-1
134,2,743.985413,430.731537,68.014343,90.965057,0.808067,-1,-1,-1
135,2,742.106079,429.217896,69.184631,88.620972,0.746139,-1,-1,-1
136,2,743.223145,430.166016,68.713501,87.716797,0.746139,-1,-1,-1
137,2,743.983398,430.695923,66.403564,85.061157,0.746139,-1,-1,-1
138,2,743.968994,432.849976,67.967407,80.866882,0.672332,-1,-1,-1
139,2,743.965027,432.771698,67.301208,81.592072,0.672332,-1,-1,-1
140,2,743.965027,430.677795,67.971375,81.780579,0.672332,-1,-1,-1
141,2,739.928894,432.852631,71.001404,85.329010,0.746139,-1,-1,-1
142,2,739.964539,433.013489,69.828369,94.021667,0.746139,-1,-1,-1
143,2,737.701416,430.860168,73.280151,100.084900,0.746139,-1,-1,-1
144,2,737.202148,432.651489,73.153992,98.044739,0.746139,-1,-1,-1
145,2,738.959290,436.699036,70.080505,95.444153,0.746139,-1,-1,-1
146,2,737.173706,433.564911,71.791626,98.888763,0.746139,-1,-1,-1
147,2,735.953003,437.533905,73.193115,96.394501,0.746139,-1,-1,-1
148,2,735.884399,439.771271,72.094482,93.631683,0.746139,-1,-1,-1
149,2,738.299011,441.261200,70.113098,92.977386,0.746139,-1,-1,-1
150,2,732.671143,436.903198,72.621399,96.371582,0.746139,-1,-1,-1
151,2,734.196106,438.493286,72.055908,95.661377,0.808067,-1,-1,-1
152,2,733.542603,437.801331,71.635254,95.774475,0.746139,-1,-1,-1
153,2,735.153687,440.347046,68.578979,92.173096,0.746139,-1,-1,-1
154,2,734.736084,440.199280,68.835938,91.828674,0.746139,-1,-1,-1
155,2,734.630981,441.641510,69.191284,91.214935,0.672332,-1,-1,-1
156,2,732.209106,437.073303,70.073914,93.984070,0.672332,-1,-1,-1
157,2,737.644348,443.742828,66.180420,83.045868,0.672332,-1,-1,-1
158,2,738.662964,444.454285,67.235596,83.877258,0.746139,-1,-1,-1
159,2,738.679810,444.838623,67.036743,83.447205,0.746139,-1,-1,-1
160,2,737.516052,442.810272,69.216858,84.760345,0.746139,-1,-1,-1
161,2,734.855042,437.910828,70.047424,88.828125,0.672332,-1,-1,-1
162,2,733.717041,436.231018,71.987549,91.321838,0.672332,-1,-1,-1
163,2,734.739319,434.448761,70.574158,90.152618,0.672332,-1,-1,-1
164,2,733.494995,434.635254,72.385498,90.670044,0.672332,-1,-1,-1
165,2,737.019043,438.163330,69.694824,89.430786,0.672332,-1,-1,-1
166,2,734.739319,434.902130,70.261536,90.870758,0.672332,-1,-1,-1
167,2,735.159363,437.265198,71.076904,89.445740,0.672332,-1,-1,-1
168,2,736.348633,440.588104,70.926636,84.222015,0.672332,-1,-1,-1
169,2,733.284302,438.221558,73.645630,87.513977,0.672332,-1,-1,-1
170,2,736.267029,440.993225,71.403015,85.363098,0.672332,-1,-1,-1
171,2,736.053467,441.869293,71.706543,84.646942,0.746139,-1,-1,-1
172,2,734.044800,439.310486,72.315796,86.410339,0.672332,-1,-1,-1
173,2,735.658325,440.257507,71.349243,84.979980,0.672332,-1,-1,-1
174,2,736.360535,440.198181,69.992920,85.879028,0.672332,-1,-1,-1
175,2,736.177979,442.695648,71.513672,83.164215,0.746139,-1,-1,-1
176,2,736.267029,441.120209,70.922302,84.379486,0.672332,-1,-1,-1
177,2,741.292114,444.254150,67.582275,80.963745,0.746139,-1,-1,-1
178,2,740.216064,442.314331,68.581787,81.798523,0.746139,-1,-1,-1
179,2,737.455933,441.565338,70.095032,81.883881,0.746139,-1,-1,-1
180,2,739.243164,438.706696,69.333557,85.116852,0.746139,-1,-1,-1
181,2,740.662109,441.659088,68.270020,81.386200,0.746139,-1,-1,-1
182,2,743.238098,442.223236,65.694153,79.569733,0.746139,-1,-1,-1
183,2,741.397461,441.872498,67.751099,80.381775,0.808067,-1,-1,-1
184,2,742.490540,441.548309,67.225037,79.499420,0.746139,-1,-1,-1
185,2,743.996460,443.503235,65.785767,76.888916,0.746139,-1,-1,-1
186,2,744.006836,444.364929,65.753296,75.655945,0.746139,-1,-1,-1
187,2,742.115234,436.927826,68.795288,81.701569,0.746139,-1,-1,-1
188,2,743.222595,437.034119,67.083374,80.507629,0.746139,-1,-1,-1
189,2,743.980469,437.732849,66.351318,79.045471,0.746139,-1,-1,-1
190,2,743.981934,437.732483,68.623779,79.061646,0.746139,-1,-1,-1
191,2,744.001953,434.909088,67.634766,79.210907,0.808067,-1,-1,-1
192,2,744.738403,431.999634,67.267334,82.930847,0.808067,-1,-1,-1
193,2,744.737061,433.428497,66.592285,83.357941,0.808067,-1,-1,-1
194,2,743.987488,433.512634,66.719299,82.518311,0.808067,-1,-1,-1
195,2,743.999878,435.844391,67.627563,79.378326,0.808067,-1,-1,-1
196,2,744.734497,436.466492,67.217651,76.217957,0.746139,-1,-1,-1
197,2,744.732483,436.591003,67.225769,77.942200,0.746139,-1,-1,-1
198,2,746.597229,437.853516,65.031128,79.648132,0.808067,-1,-1,-1
199,2,745.506714,438.256714,67.134949,79.616272,0.808067,-1,-1,-1
200,2,746.212891,437.729279,66.390991,78.282562,0.746139,-1,-1,-1
201,2,743.218689,437.150299,68.367004,82.187103,0.746139,-1,-1,-1
202,2,744.770447,441.399445,66.240295,77.965424,0.746139,-1,-1,-1
203,2,744.006836,440.782745,67.634644,78.650848,0.746139,-1,-1,-1
204,2,744.004272,442.782349,66.403137,77.773499,0.746139,-1,-1,-1
205,2,742.507019,440.488770,67.863586,78.932129,0.746139,-1,-1,-1
206,2,743.241455,440.624359,66.556030,79.525909,0.746139,-1,-1,-1
207,2,745.129761,442.339783,64.668823,77.100952,0.746139,-1,-1,-1
208,2,744.759094,441.996643,65.623962,77.418640,0.746139,-1,-1,-1
209,2,744.760010,442.845245,65.630371,75.817841,0.746139,-1,-1,-1
210,2,740.597412,437.467438,68.875854,81.966034,0.746139,-1,-1,-1
211,2,742.477417,438.871490,68.156128,80.513641,0.746139,-1,-1,-1
212,2,742.484802,439.580841,67.297180,80.560089,0.746139,-1,-1,-1
213,2,744.008118,442.747375,65.789246,77.367249,0.746139,-1,-1,-1
214,2,743.256104,442.298492,67.376221,77.773895,0.746139,-1,-1,-1
215,2,743.247925,441.760895,67.405151,78.965607,0.746139,-1,-1,-1
216,2,742.111694,440.017914,68.211121,80.096710,0.746139,-1,-1,-1
217,2,743.256104,442.522247,67.396973,77.531891,0.746139,-1,-1,-1
218,2,742.139771,441.362274,67.620544,78.703217,0.746139,-1,-1,-1
219,2,741.344666,436.995758,68.897400,83.781952,0.746139,-1,-1,-1
220,2,741.344666,437.466705,68.936462,84.277924,0.746139,-1,-1,-1
221,2,742.495483,440.600739,68.157593,81.091278,0.746139,-1,-1,-1
222,2,742.506836,440.749878,67.273926,79.976624,0.746139,-1,-1,-1
223,2,742.139771,441.239868,68.512085,79.853943,0.746139,-1,-1,-1
224,2,742.499695,440.490143,67.869934,80.229218,0.746139,-1,-1,-1
225,2,743.243164,440.483459,67.409912,80.507385,0.746139,-1,-1,-1
226,2,742.125244,440.465424,68.490479,80.261261,0.746139,-1,-1,-1
227,2,742.494019,440.490143,67.860291,79.582672,0.746139,-1,-1,-1
228,2,741.404175,440.492889,69.248901,80.225922,0.746139,-1,-1,-1
229,2,742.125183,440.599091,68.508362,80.120392,0.746139,-1,-1,-1
230,2,741.335083,436.869049,68.907227,83.275909,0.746139,-1,-1,-1
231,2,743.984741,435.473877,66.379456,77.191895,0.746139,-1,-1,-1
232,2,743.984863,435.823242,67.302002,75.514069,0.746139,-1,-1,-1
233,2,745.134033,438.123962,66.502686,77.106384,0.746139,-1,-1,-1
234,2,744.732239,437.013153,67.902100,76.374176,0.746139,-1,-1,-1
235,2,748.352173,439.302429,64.361572,73.991394,0.746139,-1,-1,-1
236,2,748.370850,439.302429,63.331543,74.741882,0.746139,-1,-1,-1
237,2,746.576416,436.352234,66.774902,78.125610,0.746139,-1,-1,-1
238,2,747.305664,438.450897,65.371338,75.655304,0.808067,-1,-1,-1
239,2,744.736206,435.685455,67.917480,75.324463,0.746139,-1,-1,-1
240,2,745.867798,438.285553,66.416077,73.712128,0.808067,-1,-1,-1
241,2,744.723450,437.129791,67.175171,75.547028,0.746139,-1,-1,-1
242,2,746.598145,440.782471,64.376709,71.896545,0.746139,-1,-1,-1
243,2,742.482666,439.519501,67.213135,76.468231,0.746139,-1,-1,-1
244,2,742.482849,437.732025,66.431213,78.266693,0.746139,-1,-1,-1
245,2,742.485840,439.079865,66.424316,75.803558,0.672332,-1,-1,-1
246,2,742.482849,438.430664,65.912964,77.582703,0.672332,-1,-1,-1
247,2,741.399963,439.557953,68.346436,77.592926,0.746139,-1,-1,-1
248,2,741.399353,439.423096,67.749451,77.689270,0.746139,-1,-1,-1
249,2,742.485779,437.817444,66.394836,77.435608,0.746139,-1,-1,-1
250,2,742.488892,439.627258,66.426147,75.625427,0.672332,-1,-1,-1
251,2,744.000549,441.369965,65.760071,75.744049,0.746139,-1,-1,-1
252,2,743.229736,438.502991,65.684265,76.750061,0.746139,-1,-1,-1
253,2,743.996521,441.734070,65.747742,74.263489,0.746139,-1,-1,-1
254,2,743.230347,439.080322,66.478149,76.173096,0.672332,-1,-1,-1
255,2,743.230347,439.080322,66.478149,76.173096,0.672332,-1,-1,-1
256,2,743.230347,439.080322,66.478149,76.173096,0.672332,-1,-1,-1
257,2,743.230347,439.080322,66.478149,76.173096,0.672332,-1,-1,-1
258,2,743.230347,439.080322,66.478149,76.173096,0.672332,-1,-1,-1
259,2,743.230347,439.080322,66.478149,76.173096,0.672332,-1,-1,-1
260,2,742.873230,441.369965,66.869812,74.627716,0.746139,-1,-1,-1
261,2,742.488892,438.580078,66.426147,77.419312,0.672332,-1,-1,-1
262,2,743.226990,438.430115,66.509155,77.569153,0.746139,-1,-1,-1
263,2,743.232727,437.816986,66.520447,78.182281,0.746139,-1,-1,-1
264,2,743.996521,441.734070,65.765564,74.259521,0.746139,-1,-1,-1
265,2,743.986389,441.707977,66.347961,74.286530,0.746139,-1,-1,-1
266,2,743.996399,440.590027,65.746521,74.270569,0.746139,-1,-1,-1
267,2,742.506348,440.968140,67.256165,74.273071,0.746139,-1,-1,-1
268,2,743.244263,440.631500,66.498657,74.242584,0.746139,-1,-1,-1
269,2,743.230347,438.580719,66.478271,77.418671,0.746139,-1,-1,-1
270,2,743.996460,441.734711,65.746460,74.250458,0.746139,-1,-1,-1
271,2,739.658325,437.714813,67.893188,76.412506,0.746139,-1,-1,-1
272,2,740.321472,436.982483,67.191589,76.424011,0.746139,-1,-1,-1
273,2,736.483276,435.611481,68.250244,81.940277,0.746139,-1,-1,-1
274,2,734.194946,434.450775,69.817139,83.067780,0.746139,-1,-1,-1
275,2,735.241211,436.047821,70.472534,80.763824,0.746139,-1,-1,-1
276,2,734.039673,434.888214,70.367737,81.151581,0.746139,-1,-1,-1
277,2,734.279480,434.027252,70.258850,82.018646,0.746139,-1,-1,-1
278,2,734.279480,434.027252,70.258850,82.018646,0.746139,-1,-1,-1
279,2,733.589355,433.834900,69.790161,82.194519,0.746139,-1,-1,-1
280,2,733.255920,436.130035,68.263123,79.915497,0.808067,-1,-1,-1
281,2,732.974304,434.810944,68.080444,81.234589,0.808067,-1,-1,-1
282,2,732.130981,433.148254,68.560852,81.027771,0.808067,-1,-1,-1
283,2,731.993591,432.873871,66.992432,83.896149,0.746139,-1,-1,-1
284,2,732.318237,436.760925,66.706909,80.435303,0.808067,-1,-1,-1
285,2,732.146606,433.991272,66.628906,82.789368,0.808067,-1,-1,-1
286,2,732.128784,436.595673,65.503540,79.426849,0.808067,-1,-1,-1
287,2,731.846802,433.389679,66.355835,80.019623,0.746139,-1,-1,-1
288,2,731.891113,434.822571,64.116089,78.607910,0.808067,-1,-1,-1
289,2,731.516174,434.045197,65.441223,79.719635,0.808067,-1,-1,-1
290,2,731.875610,434.581970,64.136597,78.143494,0.808067,-1,-1,-1
291,2,731.566589,434.348145,65.421387,79.442749,0.808067,-1,-1,-1
292,2,731.407593,433.915833,64.573975,79.489075,0.808067,-1,-1,-1
293,2,731.517090,434.287354,64.463440,79.117554,0.808067,-1,-1,-1
294,2,732.602173,433.139008,66.857056,77.886108,0.808067,-1,-1,-1
295,2,733.279724,430.834534,65.804138,80.203400,0.808067,-1,-1,-1
296,2,733.309021,431.350525,65.234619,80.328644,0.808067,-1,-1,-1
297,2,733.110229,431.243225,66.563354,80.735321,0.808067,-1,-1,-1
298,2,734.094849,432.390106,66.626953,76.619385,0.808067,-1,-1,-1
299,2,734.769226,430.312500,65.989258,76.687317,0.808067,-1,-1,-1
300,2,734.789490,431.401428,65.324402,75.277313,0.808067,-1,-1,-1
301,2,735.712952,432.260284,66.511658,74.759766,0.808067,-1,-1,-1
302,2,735.502808,429.315857,68.609497,76.877197,0.808067,-1,-1,-1
303,2,737.052429,430.695282,67.579895,75.577148,0.808067,-1,-1,-1
304,2,737.306519,431.265472,67.211304,74.624359,0.808067,-1,-1,-1
305,2,737.052429,431.191956,67.465393,75.040924,0.808067,-1,-1,-1
306,2,737.300171,430.871796,67.332275,75.361084,0.808067,-1,-1,-1
307,2,737.057800,430.931030,67.210999,74.342560,0.808067,-1,-1,-1
308,2,737.052490,430.932587,66.944214,73.852844,0.808067,-1,-1,-1
309,2,736.573303,430.699585,67.774841,74.172913,0.808067,-1,-1,-1
310,2,736.572021,426.134949,70.414978,79.317627,0.808067,-1,-1,-1
311,2,738.426270,431.970520,68.995422,71.677643,0.808067,-1,-1,-1
312,2,737.580750,430.535065,70.308960,73.602356,0.808067,-1,-1,-1
313,2,737.052124,428.730194,71.315918,76.088287,0.808067,-1,-1,-1
314,2,737.051086,428.580872,71.811340,75.997650,0.808067,-1,-1,-1
315,2,737.056030,431.039703,72.670898,73.422638,0.808067,-1,-1,-1
316,2,737.837585,425.414063,72.463684,76.798187,0.808067,-1,-1,-1
317,2,737.562683,425.480347,73.734924,76.552094,0.808067,-1,-1,-1
318,2,737.045410,426.473236,71.530396,74.714081,0.808067,-1,-1,-1
319,2,737.837280,428.545990,70.137939,73.360931,0.808067,-1,-1,-1
320,2,737.837341,428.208618,70.801819,74.014252,0.808067,-1,-1,-1
321,2,737.045349,426.259460,71.584900,76.214081,0.808067,-1,-1,-1
322,2,737.038147,428.363251,71.596436,73.740784,0.808067,-1,-1,-1
323,2,737.038086,426.348816,71.592163,75.754395,0.808067,-1,-1,-1
324,2,737.038086,427.806519,71.510986,74.416351,0.808067,-1,-1,-1
325,2,735.604980,421.040039,68.779785,73.230011,0.746139,-1,-1,-1
326,2,734.220154,416.886108,71.603577,75.867554,0.746139,-1,-1,-1
327,2,735.112183,422.745758,64.569641,70.003235,0.746139,-1,-1,-1
328,2,734.647156,417.756500,66.509338,73.488464,0.808067,-1,-1,-1
329,2,734.221008,419.662811,64.674622,69.030304,0.808067,-1,-1,-1
330,2,733.543762,419.002258,63.492615,69.696991,0.808067,-1,-1,-1
331,2,733.050720,415.975525,64.652161,72.031494,0.808067,-1,-1,-1
332,2,730.251831,407.632782,68.136963,75.903992,0.746139,-1,-1,-1
333,2,729.554016,407.143433,66.486633,73.098999,0.746139,-1,-1,-1
334,2,729.252869,405.855377,67.434448,73.788940,0.746139,-1,-1,-1
335,2,729.540100,406.468964,67.156372,74.691833,0.746139,-1,-1,-1
336,2,729.239624,405.242981,67.103760,75.802094,0.746139,-1,-1,-1
337,2,729.269836,405.965332,67.771606,76.348755,0.808067,-1,-1,-1
338,2,729.115417,404.988373,67.577576,76.305817,0.746139,-1,-1,-1
339,2,728.733948,407.217682,67.958923,74.650269,0.746139,-1,-1,-1
340,2,727.905334,403.291534,65.966553,74.587097,0.808067,-1,-1,-1
341,2,718.509338,390.755035,66.719971,81.562866,0.808067,-1,-1,-1
342,2,718.499756,394.052490,64.508667,77.276459,0.808067,-1,-1,-1
343,2,716.703979,393.120209,64.490845,77.480438,0.808067,-1,-1,-1
344,2,713.840332,390.135864,66.419312,81.154724,0.857768,-1,-1,-1
345,2,714.412354,388.761108,66.194946,81.831024,0.857768,-1,-1,-1
346,2,712.021545,389.565765,65.056458,80.664093,0.808067,-1,-1,-1
347,2,710.722900,390.272095,64.885742,77.737244,0.808067,-1,-1,-1
348,2,709.418213,390.283447,65.927368,80.315094,0.808067,-1,-1,-1
349,2,709.709595,392.511658,65.243042,76.630280,0.857768,-1,-1,-1
350,2,710.588501,392.602570,65.530151,76.150726,0.808067,-1,-1,-1
351,2,710.319519,393.325104,65.573792,74.680389,0.808067,-1,-1,-1
352,2,710.282532,392.612823,64.553345,77.253937,0.808067,-1,-1,-1
353,2,710.286255,392.615295,65.613770,76.138092,0.808067,-1,-1,-1
354,2,699.964783,390.130463,65.404724,79.730255,0.808067,-1,-1,-1
355,2,689.845520,393.125519,66.559143,79.859802,0.808067,-1,-1,-1
356,2,686.678650,393.277954,65.768005,78.008881,0.808067,-1,-1,-1
357,2,682.494080,395.891968,66.480713,76.415863,0.808067,-1,-1,-1
358,2,677.540833,394.117584,67.267883,80.828613,0.808067,-1,-1,-1
359,2,673.487305,398.605316,67.916687,77.471832,0.808067,-1,-1,-1
360,2,668.690918,399.415558,64.183105,77.416718,0.808067,-1,-1,-1
361,2,662.647705,402.198578,62.945068,74.805359,0.808067,-1,-1,-1
362,2,656.981323,400.315430,63.766174,75.840912,0.808067,-1,-1,-1
363,2,649.856201,401.371948,64.526733,79.342896,0.808067,-1,-1,-1
364,2,649.500183,403.719543,67.172729,76.132690,0.808067,-1,-1,-1
365,2,649.500610,404.121826,66.823181,75.705231,0.808067,-1,-1,-1
366,2,649.499146,402.777008,67.165161,77.881348,0.808067,-1,-1,-1
367,2,650.579834,402.513153,64.409912,78.527344,0.808067,-1,-1,-1
368,2,649.856201,402.585205,65.439209,78.128723,0.808067,-1,-1,-1
369,2,649.852905,402.628510,65.081421,77.897736,0.746139,-1,-1,-1
370,2,649.488586,402.649292,64.877747,78.538971,0.808067,-1,-1,-1
371,2,649.852905,402.050171,66.059204,78.667511,0.746139,-1,-1,-1
372,2,623.986572,404.611267,66.670349,79.423920,0.808067,-1,-1,-1
373,2,613.532715,404.231049,57.701904,72.565979,0.672332,-1,-1,-1
374,2,611.842346,408.583466,54.593323,68.367462,0.746139,-1,-1,-1
375,2,611.834778,408.304047,51.710083,64.101105,0.500000,-1,-1,-1
387,3,543.226563,414.488159,59.455688,73.754150,0.500000,-1,-1,-1
388,3,539.032593,414.502441,61.054443,67.839111,0.588889,-1,-1,-1
389,3,533.532532,423.200317,54.958374,61.429596,0.500000,-1,-1,-1
390,3,526.895081,411.561035,59.642578,69.025726,0.672332,-1,-1,-1
391,3,524.651245,406.510345,60.637268,74.020386,0.672332,-1,-1,-1
392,3,517.973267,405.380585,61.343445,74.619049,0.672332,-1,-1,-1
393,3,513.277161,405.029846,62.721680,74.091156,0.746139,-1,-1,-1
394,3,514.203247,405.699829,63.678223,73.905212,0.746139,-1,-1,-1
395,3,512.573059,405.667786,63.425476,73.543762,0.746139,-1,-1,-1
396,3,513.410217,405.632813,62.586548,72.861420,0.746139,-1,-1,-1
397,3,513.277222,405.238953,62.720459,73.482513,0.746139,-1,-1,-1
398,3,513.811523,404.714355,62.942200,74.013885,0.746139,-1,-1,-1
399,3,514.810791,406.953369,61.951965,73.042694,0.746139,-1,-1,-1
400,3,492.968353,406.115479,62.336578,76.868408,0.746139,-1,-1,-1
401,3,493.730530,408.559753,60.857300,75.112793,0.746139,-1,-1,-1
402,3,493.914246,411.322998,59.952454,72.338470,0.808067,-1,-1,-1
403,3,493.265381,410.222809,61.321716,76.207764,0.746139,-1,-1,-1
404,3,493.906067,410.017822,59.962769,73.380798,0.808067,-1,-1,-1
405,3,494.715363,411.270172,62.243805,77.387512,0.808067,-1,-1,-1
406,3,496.955658,413.759857,60.024811,75.984009,0.746139,-1,-1,-1
407,3,497.806152,417.369141,59.806641,72.036346,0.746139,-1,-1,-1
408,3,499.988068,413.042542,61.969513,73.975525,0.746139,-1,-1,-1
409,3,500.671265,411.633179,62.275818,74.701263,0.746139,-1,-1,-1
410,3,500.653625,412.770630,62.167969,75.192352,0.746139,-1,-1,-1
411,3,501.354858,412.460358,61.304932,74.842712,0.746139,-1,-1,-1
412,3,500.658325,416.157532,59.973389,72.515533,0.746139,-1,-1,-1
413,3,500.306763,416.085571,60.705139,72.579620,0.746139,-1,-1,-1
414,3,499.651245,416.155792,62.307983,72.501526,0.746139,-1,-1,-1
415,3,500.671051,416.232788,60.912689,72.433502,0.746139,-1,-1,-1
416,3,501.727600,412.460358,61.305481,75.469666,0.746139,-1,-1,-1
417,3,501.381592,418.184692,59.694214,69.468201,0.746139,-1,-1,-1
418,4,531.300964,430.079315,64.035461,76.020996,0.672332,-1,-1,-1
419,4,534.741516,429.306519,62.668030,73.271851,0.746139,-1,-1,-1
420,4,539.656555,437.514130,61.104248,69.806122,0.746139,-1,-1,-1
421,4,541.498291,431.955414,61.116394,74.920441,0.746139,-1,-1,-1
422,4,541.989075,431.887390,60.632751,72.505646,0.672332,-1,-1,-1
423,4,545.021851,437.057739,59.874207,73.312317,0.672332,-1,-1,-1
424,4,544.518738,435.682709,60.374756,74.683777,0.672332,-1,-1,-1
425,4,544.538208,435.967896,59.609009,75.366119,0.746139,-1,-1,-1
426,4,545.277588,437.219971,59.578430,74.122650,0.672332,-1,-1,-1
427,4,545.012939,436.630554,59.815674,74.712341,0.746139,-1,-1,-1
428,4,545.152222,438.325104,61.339478,73.317627,0.746139,-1,-1,-1
429,4,544.538147,435.632538,60.289246,75.389557,0.746139,-1,-1,-1
430,4,544.538147,437.220062,60.291565,74.122650,0.746139,-1,-1,-1
431,4,545.116699,437.710602,59.573120,73.284760,0.746139,-1,-1,-1
432,4,544.613953,437.612091,61.008606,74.686005,0.746139,-1,-1,-1
433,4,544.514771,444.464813,62.667908,75.923981,0.746139,-1,-1,-1
434,4,541.678711,452.566772,61.655212,75.448242,0.746139,-1,-1,-1
435,4,538.982117,448.246399,63.260437,75.333069,0.746139,-1,-1,-1
436,4,535.015381,452.907715,64.267883,75.680054,0.746139,-1,-1,-1
437,4,529.503784,450.719055,67.206360,73.887634,0.746139,-1,-1,-1
438,4,525.412964,448.490845,67.114990,78.503662,0.746139,-1,-1,-1
439,4,525.412109,450.658905,67.101135,76.330902,0.746139,-1,-1,-1
440,4,524.709412,450.321716,67.785583,76.667908,0.746139,-1,-1,-1
441,4,524.709106,449.202942,68.505310,77.668579,0.746139,-1,-1,-1
442,4,525.411865,449.253296,67.099182,78.450623,0.746139,-1,-1,-1
443,4,525.411072,448.522797,67.614319,79.501984,0.746139,-1,-1,-1
444,4,525.411011,449.356018,66.655090,78.345520,0.746139,-1,-1,-1
445,4,525.771851,448.314880,67.481567,79.386841,0.746139,-1,-1,-1
446,4,523.338623,446.963745,65.730835,82.327515,0.746139,-1,-1,-1
447,4,510.944214,454.390686,68.353210,79.131287,0.746139,-1,-1,-1
448,4,513.204712,456.301025,66.777405,79.380249,0.746139,-1,-1,-1
449,4,512.883240,453.460968,67.766968,79.774628,0.746139,-1,-1,-1
450,4,514.614075,451.708557,68.431335,79.300354,0.746139,-1,-1,-1
451,4,516.192017,449.748413,68.722046,81.323608,0.746139,-1,-1,-1
452,4,518.979004,449.207245,69.034790,77.617706,0.746139,-1,-1,-1
453,4,522.998291,449.701355,70.262756,75.727600,0.746139,-1,-1,-1
454,4,523.645142,449.719025,68.984375,75.709808,0.746139,-1,-1,-1
455,4,523.301392,449.718567,69.332275,76.173523,0.746139,-1,-1,-1
456,4,521.807617,449.526672,70.951477,75.233215,0.746139,-1,-1,-1
457,4,521.807617,449.526672,70.951477,75.233215,0.746139,-1,-1,-1
458,4,523.005432,450.662933,70.175293,74.767181,0.746139,-1,-1,-1
459,4,522.364746,449.838135,70.264893,75.653076,0.672332,-1,-1,-1
460,4,522.377441,449.973633,70.153870,75.677673,0.746139,-1,-1,-1
461,4,540.613281,451.094421,66.506287,73.866211,0.746139,-1,-1,-1
462,4,559.925781,453.871765,58.383179,68.273499,0.588889,-1,-1,-1
463,4,562.074341,450.353943,56.335327,71.409485,0.588889,-1,-1,-1
464,4,566.104370,445.763306,59.566772,75.242432,0.588889,-1,-1,-1
465,4,568.847656,440.218323,67.993408,79.219116,0.588889,-1,-1,-1
466,4,571.612671,445.755615,68.396057,75.397339,0.500000,-1,-1,-1
467,4,574.492188,443.466888,71.863464,78.930573,0.588889,-1,-1,-1
468,4,575.959290,449.209259,71.997803,75.906952,0.500000,-1,-1,-1
471,4,577.135681,445.386108,70.043884,78.869873,0.500000,-1,-1,-1
472,4,576.759888,444.764648,69.676636,79.803467,0.500000,-1,-1,-1
473,4,576.004272,443.548462,71.983765,80.551514,0.500000,-1,-1,-1
474,4,576.710144,448.157410,73.273926,77.634888,0.500000,-1,-1,-1
478,4,582.235352,446.215942,68.522461,83.778687,0.588889,-1,-1,-1
479,4,585.953613,439.484894,81.864624,92.904266,0.672332,-1,-1,-1
480,4,588.264160,439.955933,80.169678,91.240723,0.588889,-1,-1,-1
481,4,588.845459,439.294739,79.609436,93.313477,0.588889,-1,-1,-1
482,4,589.601746,440.689911,79.947632,97.152252,0.588889,-1,-1,-1
483,4,589.562500,440.534546,83.149292,94.220703,0.588889,-1,-1,-1
484,4,589.633362,441.456482,80.303101,98.353455,0.588889,-1,-1,-1
485,4,588.890259,440.252472,81.916809,98.176727,0.672332,-1,-1,-1
486,4,588.794189,441.454559,82.332153,97.577667,0.588889,-1,-1,-1
487,4,587.945313,443.289459,82.431030,96.556732,0.588889,-1,-1,-1
488,4,589.098328,445.048737,82.022766,93.769623,0.588889,-1,-1,-1
489,4,589.633545,444.245361,79.566406,96.496765,0.588889,-1,-1,-1
490,4,589.403259,444.427643,79.789856,96.726837,0.588889,-1,-1,-1
491,4,588.943237,443.176575,82.228210,97.441406,0.672332,-1,-1,-1
492,4,594.045044,454.505859,73.881042,86.341003,0.500000,-1,-1,-1
493,4,603.322632,460.419800,72.861450,84.153625,0.588889,-1,-1,-1
494,4,601.841431,460.777496,74.215759,84.479950,0.588889,-1,-1,-1
495,4,601.841370,461.363708,74.213806,83.139587,0.588889,-1,-1,-1
496,4,602.652100,458.666382,74.591309,85.560974,0.500000,-1,-1,-1
497,4,602.667297,459.819763,74.435669,84.803650,0.588889,-1,-1,-1
498,4,601.926941,461.318390,75.142761,83.896271,0.588889,-1,-1,-1
499,4,601.561951,461.318390,74.567932,84.589447,0.588889,-1,-1,-1
500,4,601.087524,458.445099,76.042664,88.056427,0.672332,-1,-1,-1
501,4,602.361328,459.831390,72.988159,86.096588,0.672332,-1,-1,-1
502,4,601.583984,458.269684,74.779114,87.722809,0.672332,-1,-1,-1
503,4,600.794800,458.884918,75.578430,86.557526,0.672332,-1,-1,-1
504,4,601.619202,458.053070,73.705994,86.439789,0.672332,-1,-1,-1
505,4,602.002930,458.980774,73.338745,84.484497,0.672332,-1,-1,-1
506,4,595.928833,458.886108,79.411072,89.690369,0.672332,-1,-1,-1
507,4,598.369873,456.960297,76.206665,89.495392,0.672332,-1,-1,-1
508,4,597.347595,454.877472,78.026489,92.678375,0.672332,-1,-1,-1
509,4,592.608704,453.219543,79.357300,93.960205,0.672332,-1,-1,-1
510,4,590.975586,456.472687,82.129028,96.521820,0.672332,-1,-1,-1
511,4,590.852173,453.472504,82.184021,96.596466,0.672332,-1,-1,-1
512,4,588.145264,448.569672,82.998596,95.761688,0.672332,-1,-1,-1
513,4,587.408508,448.925446,83.395264,99.391754,0.672332,-1,-1,-1
514,4,587.613892,447.864441,82.395142,98.350708,0.746139,-1,-1,-1
515,4,587.342896,447.734894,85.729248,99.262848,0.672332,-1,-1,-1
516,4,587.765747,448.146240,84.141479,99.293335,0.672332,-1,-1,-1
517,4,587.402222,447.862518,83.345337,99.036896,0.746139,-1,-1,-1
518,4,587.402222,448.501648,82.596680,97.714050,0.746139,-1,-1,-1
519,4,586.935669,447.657166,83.029907,97.816711,0.746139,-1,-1,-1
520,4,586.938110,448.501190,82.314819,97.086334,0.746139,-1,-1,-1
521,4,587.401733,450.429565,81.815125,97.072510,0.746139,-1,-1,-1
522,4,590.592529,454.325500,82.452087,95.227112,0.672332,-1,-1,-1
523,4,590.975769,455.968781,80.963257,94.612030,0.672332,-1,-1,-1
524,4,590.572021,456.590424,81.345093,95.466888,0.672332,-1,-1,-1
525,4,590.954590,451.973053,81.782043,99.159760,0.672332,-1,-1,-1
526,4,592.693237,453.038452,81.959717,96.684326,0.746139,-1,-1,-1
527,4,591.321777,452.453979,80.587524,97.937866,0.746139,-1,-1,-1
528,4,593.251770,450.912781,80.172302,94.912720,0.746139,-1,-1,-1
529,4,592.772827,452.542328,79.920715,95.269135,0.672332,-1,-1,-1
530,4,593.227905,450.918640,79.814209,96.055481,0.746139,-1,-1,-1
531,4,592.684082,452.284882,80.373108,94.514069,0.746139,-1,-1,-1
532,4,593.817383,451.497253,80.468994,98.684753,0.746139,-1,-1,-1
533,4,592.680420,452.750793,81.148254,96.350647,0.672332,-1,-1,-1
534,4,593.253540,450.910675,81.032837,98.606537,0.746139,-1,-1,-1
535,4,593.206238,448.803223,82.130005,99.455811,0.746139,-1,-1,-1
536,4,593.461121,450.954895,81.078186,97.163025,0.746139,-1,-1,-1
537,4,590.953369,449.806000,84.377563,97.918243,0.672332,-1,-1,-1
538,4,590.791321,449.927124,83.837952,99.502808,0.746139,-1,-1,-1
539,4,597.705872,454.488556,78.718201,95.221649,0.672332,-1,-1,-1
540,4,598.095459,452.773132,78.998169,94.900818,0.672332,-1,-1,-1
541,4,598.047607,454.644012,77.888550,88.863434,0.672332,-1,-1,-1
542,4,598.089478,455.977753,77.865234,90.603424,0.588889,-1,-1,-1
543,4,599.185181,453.232819,77.878723,91.447113,0.672332,-1,-1,-1
544,4,599.176270,453.486328,77.598267,91.836304,0.672332,-1,-1,-1
545,4,599.194336,453.486053,77.580811,91.039948,0.672332,-1,-1,-1
546,4,599.185242,453.036163,77.928589,92.370575,0.672332,-1,-1,-1
547,4,599.938232,455.628479,76.156311,89.067688,0.672332,-1,-1,-1
548,4,599.176270,454.809448,77.554199,90.497681,0.672332,-1,-1,-1
549,4,599.945618,456.301758,75.395020,88.348206,0.672332,-1,-1,-1
550,4,601.076904,455.328094,75.290833,88.221954,0.672332,-1,-1,-1
551,4,599.952026,455.632690,75.365601,88.929321,0.672332,-1,-1,-1
552,4,597.309692,452.254761,77.338135,93.066406,0.672332,-1,-1,-1
553,4,597.248535,450.267975,77.354004,92.440887,0.588889,-1,-1,-1
554,4,598.061279,448.328156,76.570374,93.244843,0.672332,-1,-1,-1
555,4,598.377197,448.081421,76.923218,93.733704,0.672332,-1,-1,-1
556,4,598.812195,448.115021,76.882874,93.031403,0.672332,-1,-1,-1
557,4,599.179993,450.429749,76.093567,91.001526,0.746139,-1,-1,-1
558,4,598.840942,454.155029,76.547546,87.832764,0.588889,-1,-1,-1
559,4,599.969604,455.560638,75.384460,86.362885,0.672332,-1,-1,-1
560,4,598.075073,453.963135,75.753174,87.878296,0.672332,-1,-1,-1
561,4,599.964783,455.517792,75.412720,86.427032,0.672332,-1,-1,-1
562,4,599.964783,453.856018,75.412476,88.839661,0.672332,-1,-1,-1
563,4,599.977417,456.662842,74.653931,86.720581,0.672332,-1,-1,-1
564,4,599.976440,456.328491,75.400146,86.353271,0.672332,-1,-1,-1
565,4,599.973267,457.279175,74.674316,86.119263,0.588889,-1,-1,-1
566,4,599.972717,460.566193,79.063416,84.724091,0.588889,-1,-1,-1
567,4,599.977356,461.332581,77.712585,83.837341,0.588889,-1,-1,-1
568,4,600.723511,461.220154,77.135925,84.644714,0.588889,-1,-1,-1
569,4,599.972656,460.438019,77.118164,84.937469,0.588889,-1,-1,-1
570,4,599.969727,461.217590,77.759827,84.736267,0.588889,-1,-1,-1
571,4,599.979065,457.595764,77.889282,89.386658,0.672332,-1,-1,-1
572,4,600.054077,459.160126,78.494446,90.078522,0.588889,-1,-1,-1
573,4,600.726318,456.870758,78.429321,90.497894,0.672332,-1,-1,-1
574,4,600.723267,459.187592,77.033691,86.842621,0.672332,-1,-1,-1
575,4,601.925720,457.985046,73.872803,87.970276,0.746139,-1,-1,-1
576,4,601.099731,458.334686,77.229980,89.016449,0.672332,-1,-1,-1
577,4,601.898193,458.289551,73.519043,87.716431,0.746139,-1,-1,-1
578,4,600.757202,458.521362,75.041382,88.775513,0.746139,-1,-1,-1
579,4,599.972656,457.874908,78.296814,88.931488,0.672332,-1,-1,-1
580,4,600.881897,454.659119,75.817078,88.829590,0.672332,-1,-1,-1
581,4,602.670532,456.982819,73.354980,87.173920,0.746139,-1,-1,-1
582,4,601.841370,454.335846,75.863770,87.581635,0.672332,-1,-1,-1
583,4,602.002319,456.372253,74.352661,86.935181,0.746139,-1,-1,-1
584,4,599.972656,454.764404,77.035034,87.552490,0.672332,-1,-1,-1
585,4,600.781311,456.390930,72.743835,88.064880,0.746139,-1,-1,-1
586,4,600.767822,456.803925,73.486145,86.588287,0.746139,-1,-1,-1
587,4,601.091248,455.627563,74.226379,88.119141,0.672332,-1,-1,-1
588,4,600.751953,457.277710,75.307007,86.377625,0.588889,-1,-1,-1
589,4,600.770386,457.274597,75.286682,88.326050,0.588889,-1,-1,-1
590,4,599.964844,457.176361,77.693115,84.817474,0.588889,-1,-1,-1
591,4,599.964722,455.666931,76.880371,88.187988,0.672332,-1,-1,-1
592,4,601.980530,459.225128,73.390564,86.617401,0.588889,-1,-1,-1
593,4,601.936523,460.693634,73.414551,84.165619,0.588889,-1,-1,-1
594,4,598.843445,455.565125,78.181946,91.313049,0.672332,-1,-1,-1
595,4,596.575806,453.990692,79.387817,90.584930,0.672332,-1,-1,-1
596,4,597.344482,453.704407,80.376953,91.450928,0.588889,-1,-1,-1
597,4,594.927124,452.536652,82.763916,95.898285,0.588889,-1,-1,-1
598,4,595.531616,452.532806,80.563660,93.747711,0.588889,-1,-1,-1
599,4,593.024170,448.458069,83.769958,96.748840,0.672332,-1,-1,-1
603,4,594.961121,445.146240,79.389832,93.916626,0.500000,-1,-1,-1
604,4,594.043579,444.260925,79.336182,94.416870,0.588889,-1,-1,-1
605,4,593.771973,444.257996,79.681824,91.623230,0.588889,-1,-1,-1
606,4,594.331299,445.067963,79.263794,91.853119,0.500000,-1,-1,-1
607,4,595.396606,444.140076,79.835083,92.077881,0.588889,-1,-1,-1
608,4,594.331177,445.014313,79.085144,93.111176,0.588889,-1,-1,-1
609,4,588.741211,440.549927,85.811829,89.969360,0.588889,-1,-1,-1
610,4,589.261902,440.537201,84.549500,92.169159,0.588889,-1,-1,-1
611,4,588.193481,444.335541,81.992371,94.891876,0.588889,-1,-1,-1
612,4,587.218384,443.129333,83.026245,96.095642,0.672332,-1,-1,-1
613,4,587.217102,443.128784,81.181458,95.733154,0.588889,-1,-1,-1
614,4,586.360962,442.954193,82.952759,94.202301,0.672332,-1,-1,-1
615,4,586.300293,441.274109,84.505798,92.458679,0.588889,-1,-1,-1
616,4,586.956055,441.317780,83.023926,91.960052,0.588889,-1,-1,-1
617,4,587.264771,443.475494,81.160828,94.451385,0.588889,-1,-1,-1
618,4,587.980713,443.115967,78.736389,94.163635,0.672332,-1,-1,-1
619,4,587.959656,446.239471,78.893372,90.376495,0.672332,-1,-1,-1
620,4,587.771362,443.409485,79.032349,93.166809,0.672332,-1,-1,-1
621,4,588.248413,443.154236,81.013062,91.727600,0.588889,-1,-1,-1
622,4,587.982788,443.115967,78.779053,92.730286,0.672332,-1,-1,-1
623,4,588.426392,444.395599,77.546448,92.807831,0.588889,-1,-1,-1
624,4,590.387085,449.495087,76.465698,91.645905,0.672332,-1,-1,-1
625,4,588.409241,453.928253,78.807434,86.815887,0.588889,-1,-1,-1
626,4,590.604736,454.546234,78.979248,87.938263,0.588889,-1,-1,-1
627,4,592.770020,456.344879,73.902588,86.297333,0.588889,-1,-1,-1
628,4,592.663574,455.412323,76.849426,87.142242,0.588889,-1,-1,-1
629,4,591.316040,453.785339,78.103821,89.590515,0.500000,-1,-1,-1
630,4,593.125549,453.923309,75.768066,87.437164,0.500000,-1,-1,-1
631,4,594.461365,451.055969,75.587219,88.779724,0.588889,-1,-1,-1
632,4,597.192505,451.846436,72.396118,86.406250,0.500000,-1,-1,-1
637,4,600.906494,446.186554,73.630737,76.643768,0.500000,-1,-1,-1
638,4,597.819763,448.642456,74.617065,83.128906,0.500000,-1,-1,-1
639,4,599.014954,450.570282,74.081360,90.126984,0.588889,-1,-1,-1
640,4,598.263184,451.946503,73.635437,91.436188,0.588889,-1,-1,-1
641,4,596.387573,450.741028,77.087830,91.962952,0.588889,-1,-1,-1
642,4,595.717102,453.855011,76.294861,91.277069,0.588889,-1,-1,-1
643,4,595.676025,455.926575,76.211975,90.169250,0.588889,-1,-1,-1
644,4,599.974182,455.925934,72.005554,88.153839,0.588889,-1,-1,-1
645,4,601.051758,456.858307,71.464783,85.843414,0.500000,-1,-1,-1
646,4,599.190369,455.011688,72.002075,88.326447,0.500000,-1,-1,-1
647,4,599.963745,458.197266,71.989197,86.326172,0.500000,-1,-1,-1
648,4,601.116577,467.274536,68.248779,81.852661,0.588889,-1,-1,-1
649,4,601.845215,467.940765,66.749512,80.684967,0.588889,-1,-1,-1
650,4,602.592224,463.736847,70.148376,87.324188,0.588889,-1,-1,-1
651,4,601.858276,465.464447,70.882019,86.276154,0.588889,-1,-1,-1
652,4,599.986816,461.310242,72.790161,91.419800,0.672332,-1,-1,-1
653,4,599.239990,460.484985,74.290527,91.877197,0.672332,-1,-1,-1
654,4,600.732178,460.456329,73.491821,89.059418,0.672332,-1,-1,-1
655,4,601.475647,457.648865,74.523621,91.555481,0.500000,-1,-1,-1
656,4,601.823059,457.154022,74.819275,87.967621,0.500000,-1,-1,-1
657,4,599.983154,452.271973,77.711609,94.379272,0.672332,-1,-1,-1
658,4,598.439514,448.221771,79.329895,98.442780,0.588889,-1,-1,-1
659,4,596.601868,445.544403,81.807007,99.747955,0.588889,-1,-1,-1
660,4,595.876770,447.010162,82.429749,95.805634,0.588889,-1,-1,-1
661,4,598.418152,443.362335,79.242432,97.095184,0.588889,-1,-1,-1
662,4,598.447205,442.161530,77.569458,96.428558,0.588889,-1,-1,-1
663,4,596.617004,443.436676,78.640137,92.276215,0.588889,-1,-1,-1
664,4,597.605286,441.201691,77.047668,90.172699,0.588889,-1,-1,-1
665,4,596.202820,443.427521,77.622925,92.757660,0.588889,-1,-1,-1
666,4,596.541443,444.099792,78.690247,91.724487,0.588889,-1,-1,-1
667,4,597.277100,444.209930,76.559448,90.287994,0.588889,-1,-1,-1
668,4,591.726563,445.555939,73.991333,85.347382,0.588889,-1,-1,-1
669,4,592.787659,441.900238,73.668701,88.311493,0.746139,-1,-1,-1
670,4,588.633362,446.812042,69.525452,82.549042,0.672332,-1,-1,-1
671,4,586.208374,444.008057,69.426941,82.264343,0.672332,-1,-1,-1
672,4,584.520996,443.772766,67.009033,79.417236,0.588889,-1,-1,-1
673,4,582.215271,447.492371,63.580261,73.640198,0.672332,-1,-1,-1
674,4,578.560669,447.295258,64.705200,72.233734,0.672332,-1,-1,-1
675,4,575.958557,443.306854,67.094910,73.705719,0.500000,-1,-1,-1
676,4,574.084595,450.504913,48.979858,62.154022,0.500000,-1,-1,-1
678,4,563.818298,443.665558,51.835693,59.717194,0.588889,-1,-1,-1
679,4,563.846680,445.335663,51.806152,58.049011,0.588889,-1,-1,-1
680,4,563.703125,444.868927,51.348328,58.515656,0.588889,-1,-1,-1
681,4,563.849915,446.573273,50.825256,56.808563,0.588889,-1,-1,-1
682,4,563.703186,444.528076,51.341675,58.856415,0.588889,-1,-1,-1
684,4,551.965454,436.838837,55.930664,57.932098,0.500000,-1,-1,-1
685,4,548.623047,427.023193,58.988525,62.314819,0.500000,-1,-1,-1
686,4,547.624390,429.166077,57.155884,59.399963,0.500000,-1,-1,-1
688,4,547.273071,440.543152,55.002747,49.592743,0.500000,-1,-1,-1
690,4,545.491638,436.441498,57.154724,49.135803,0.500000,-1,-1,-1
693,5,543.902466,413.138306,60.742737,67.114288,0.588889,-1,-1,-1
694,5,543.416626,413.510559,62.904053,66.270264,0.588889,-1,-1,-1
695,5,543.363281,410.684509,61.280884,68.175751,0.588889,-1,-1,-1
696,5,543.908691,413.700989,63.250610,65.373047,0.500000,-1,-1,-1
697,5,546.338867,405.421143,62.022705,68.118713,0.588889,-1,-1,-1
698,5,551.952332,405.352203,60.822693,66.014740,0.500000,-1,-1,-1
704,5,575.933899,390.318054,72.022644,75.353027,0.746139,-1,-1,-1
705,5,585.630127,391.705444,65.676208,72.021423,0.588889,-1,-1,-1
706,5,589.995789,394.045349,63.882507,68.895447,0.672332,-1,-1,-1
707,5,599.870605,389.742462,61.016174,71.403717,0.672332,-1,-1,-1
708,5,608.666626,391.803314,58.357544,69.140900,0.808067,-1,-1,-1
709,5,608.138611,393.548309,58.886169,68.787598,0.746139,-1,-1,-1
710,5,609.072388,391.783813,57.956665,69.682892,0.746139,-1,-1,-1
711,5,609.159180,391.494690,59.522766,68.967407,0.808067,-1,-1,-1
712,5,622.123657,380.087677,63.935181,73.045349,0.808067,-1,-1,-1
713,5,622.136597,381.291046,67.555603,72.701477,0.808067,-1,-1,-1
714,5,623.999878,379.106140,67.996094,75.395233,0.808067,-1,-1,-1
715,5,630.784302,382.675690,62.624817,71.112396,0.808067,-1,-1,-1
716,5,633.008911,381.660919,61.499390,70.737122,0.808067,-1,-1,-1
717,5,634.759521,383.958801,60.492920,68.345490,0.808067,-1,-1,-1
718,5,634.443848,382.477386,61.558533,70.622406,0.808067,-1,-1,-1
719,5,634.286682,383.255127,61.714050,69.733521,0.808067,-1,-1,-1
720,5,634.761353,383.558624,59.744629,69.468933,0.808067,-1,-1,-1
721,5,631.967285,380.595703,63.282227,71.818268,0.808067,-1,-1,-1
722,5,630.149963,382.035370,64.348816,71.606415,0.808067,-1,-1,-1
723,5,627.308716,379.323303,64.695435,72.398163,0.808067,-1,-1,-1
724,5,627.311890,378.866547,64.371277,72.852448,0.808067,-1,-1,-1
725,5,627.308350,380.290924,65.376709,71.639832,0.808067,-1,-1,-1
726,5,627.308655,380.189484,65.035828,71.750702,0.808067,-1,-1,-1
727,5,622.871338,381.930725,62.008118,70.968658,0.808067,-1,-1,-1
728,5,622.495178,381.927704,61.509827,70.642548,0.746139,-1,-1,-1
729,5,621.401123,383.198730,61.282104,70.250885,0.746139,-1,-1,-1
730,5,621.395447,383.974640,59.367981,68.596527,0.746139,-1,-1,-1
731,5,621.395447,382.702606,60.609741,70.432526,0.746139,-1,-1,-1
732,5,618.961121,382.211243,59.396790,71.500671,0.808067,-1,-1,-1
733,5,618.318848,385.791046,58.370361,68.018921,0.808067,-1,-1,-1
734,5,618.314880,384.814636,58.030518,68.757385,0.808067,-1,-1,-1
735,5,616.852661,382.489563,60.865295,71.666473,0.746139,-1,-1,-1
736,5,616.846375,381.959015,61.645874,72.909393,0.746139,-1,-1,-1
737,5,616.908997,381.771149,62.212646,73.657654,0.808067,-1,-1,-1
738,5,615.977051,384.236938,60.171021,71.803986,0.746139,-1,-1,-1
739,5,616.121826,384.817657,59.390930,72.172577,0.672332,-1,-1,-1
740,5,615.830811,384.330963,60.401733,71.713806,0.672332,-1,-1,-1
741,5,616.764343,385.204376,59.287781,71.249817,0.746139,-1,-1,-1
742,5,615.503784,383.099030,63.829956,72.924042,0.746139,-1,-1,-1
743,5,615.716553,382.303162,62.236572,73.364594,0.746139,-1,-1,-1
744,5,616.044678,382.562988,61.763123,73.039307,0.746139,-1,-1,-1
745,5,615.161865,382.636871,61.815247,73.390320,0.746139,-1,-1,-1
746,5,613.845825,381.001099,62.903564,74.601379,0.808067,-1,-1,-1
747,5,615.503052,383.356750,63.563599,73.582581,0.808067,-1,-1,-1
748,5,615.500549,383.776611,61.952148,73.291168,0.746139,-1,-1,-1
749,5,615.415771,382.308197,61.323547,73.907410,0.808067,-1,-1,-1
750,5,611.987793,380.815155,64.423828,75.455658,0.808067,-1,-1,-1
751,5,611.798157,381.353668,62.842651,74.913391,0.808067,-1,-1,-1
752,5,613.466431,381.563141,61.845215,74.228485,0.808067,-1,-1,-1
753,5,615.411499,385.913269,59.207458,69.667053,0.746139,-1,-1,-1
754,5,615.367432,386.183533,59.257996,69.676758,0.746139,-1,-1,-1
755,5,615.233032,385.418427,59.393188,69.952972,0.746139,-1,-1,-1
756,5,615.261719,386.012238,59.379089,69.614594,0.746139,-1,-1,-1
757,5,619.174927,388.551727,56.860596,66.879364,0.808067,-1,-1,-1
758,5,616.397766,388.049377,58.909729,69.042755,0.808067,-1,-1,-1
759,5,616.397766,388.205292,57.101624,68.835022,0.808067,-1,-1,-1
760,5,616.950989,388.294830,58.408752,68.913025,0.746139,-1,-1,-1
761,5,616.447998,391.673584,57.420227,65.124756,0.746139,-1,-1,-1
762,5,616.951050,387.845215,59.091858,69.500977,0.746139,-1,-1,-1
763,5,618.846191,389.094177,58.159485,66.933197,0.746139,-1,-1,-1
764,5,618.318237,389.369202,56.987732,68.066528,0.746139,-1,-1,-1
765,5,616.470520,387.871124,57.860840,68.325348,0.746139,-1,-1,-1
766,5,617.764893,389.431915,56.896912,66.895569,0.746139,-1,-1,-1
767,5,616.500549,388.848358,58.859680,67.172424,0.746139,-1,-1,-1
768,5,618.354797,391.773560,55.144592,64.236053,0.746139,-1,-1,-1
769,5,616.321960,391.398651,56.429626,63.847321,0.746139,-1,-1,-1
770,5,616.322021,391.760376,56.428223,64.036835,0.746139,-1,-1,-1
771,5,617.453491,390.735535,56.042969,64.259857,0.746139,-1,-1,-1
772,5,617.676331,392.141235,56.187317,62.832550,0.746139,-1,-1,-1
