0,2,1217.7671232876712,89.4109589041096,73.97260273972597,52.054794520547944,1,-1,-1,-1
0,0,1244.0,24.0,45.0,54.0,1,-1,-1,-1
1,2,1217.8059360730595,87.50913242009133,73.81050228310482,54.04566210045661,1,-1,-1,-1
1,0,1244,24,45,54,1,-1,-1,-1
2,2,1217.8447488584475,85.60730593607306,73.6484018264839,56.036529680365305,1,-1,-1,-1
2,0,1244,24,45,54,1,-1,-1,-1
3,2,1217.8835616438355,83.70547945205479,73.48630136986299,58.027397260274,1,-1,-1,-1
3,0,1244,25,45,53,1,-1,-1,-1
4,2,1217.9223744292235,81.80365296803652,73.32420091324207,60.018264840182695,1,-1,-1,-1
4,0,1244,25,45,53,1,-1,-1,-1
5,2,1217.9611872146115,79.90182648401824,73.16210045662115,62.00913242009139,1,-1,-1,-1
5,0,1244,26,45,52,1,-1,-1,-1
6,2,1218,78,73,64,1,-1,-1,-1
6,0,1244,26,46,52,1,-1,-1,-1
7,2,1218,77,72,65,1,-1,-1,-1
7,0,1244,25,45,52,1,-1,-1,-1
8,2,1218.0,77.14285714285714,72.14285714285711,64.85714285714286,1,-1,-1,-1
8,0,1244,25,45,53,1,-1,-1,-1
9,2,1218.0,77.28571428571428,72.28571428571422,64.71428571428572,1,-1,-1,-1
9,0,1244,25,45,53,1,-1,-1,-1
10,2,1218.0,77.42857142857142,72.42857142857133,64.57142857142858,1,-1,-1,-1
10,0,1244,25,45,52,1,-1,-1,-1
11,2,1218.0,77.57142857142856,72.57142857142844,64.42857142857144,1,-1,-1,-1
11,0,1244,25,45,52,1,-1,-1,-1
12,2,1218.0,77.7142857142857,72.71428571428555,64.2857142857143,1,-1,-1,-1
12,0,1243,25,47,52,1,-1,-1,-1
13,2,1218.0,77.85714285714283,72.85714285714266,64.14285714285717,1,-1,-1,-1
13,0,1244,24,45,53,1,-1,-1,-1
14,2,1218,78,73,64,1,-1,-1,-1
14,0,1244,25,46,53,1,-1,-1,-1
15,2,1218,78,73,64,1,-1,-1,-1
15,0,1244,25,46,53,1,-1,-1,-1
16,2,1217,77,74,65,1,-1,-1,-1
16,0,1243,25,47,52,1,-1,-1,-1
17,2,1216.9796391945506,76.99273897746838,73.99618234897821,65.03200089827084,1,-1,-1,-1
17,0,1243,25,47,52,1,-1,-1,-1
18,2,1216.9592783891012,76.98547795493675,73.99236469795642,65.06400179654167,1,-1,-1,-1
18,0,1244,24,45,53,1,-1,-1,-1
19,2,1216.9389175836518,76.97821693240513,73.98854704693463,65.09600269481251,1,-1,-1,-1
19,0,1244,24,45,53,1,-1,-1,-1
20,2,1216.9185567782024,76.97095590987351,73.98472939591284,65.12800359308335,1,-1,-1,-1
20,0,1244,25,45,52,1,-1,-1,-1
21,2,1216.898195972753,76.96369488734189,73.98091174489105,65.16000449135419,1,-1,-1,-1
21,0,1244,25,46,52,1,-1,-1,-1
22,2,1216.8778351673036,76.95643386481026,73.97709409386925,65.19200538962502,1,-1,-1,-1
22,0,1245,26,46,52,1,-1,-1,-1
23,2,1216.8574743618542,76.94917284227864,73.97327644284746,65.22400628789586,1,-1,-1,-1
23,0,1245,26,46,52,1,-1,-1,-1
24,2,1216.8371135564048,76.94191181974702,73.96945879182567,65.2560071861667,1,-1,-1,-1
24,0,1244.8333333333333,25.833333333333332,46.16666666666674,52.0,1,-1,-1,-1
25,2,1216.8167527509554,76.9346507972154,73.96564114080388,65.28800808443754,1,-1,-1,-1
25,0,1244.6666666666665,25.666666666666664,46.333333333333485,51.99999999999999,1,-1,-1,-1
26,2,1216.796391945506,76.92738977468377,73.96182348978209,65.32000898270837,1,-1,-1,-1
26,0,1244.4999999999998,25.499999999999996,46.50000000000023,51.999999999999986,1,-1,-1,-1
27,2,1216.7760311400566,76.92012875215215,73.9580058387603,65.35200988097921,1,-1,-1,-1
27,0,1244.333333333333,25.33333333333333,46.66666666666697,51.999999999999986,1,-1,-1,-1
28,2,1216.7556703346072,76.91286772962053,73.95418818773851,65.38401077925005,1,-1,-1,-1
28,0,1244.1666666666663,25.16666666666666,46.83333333333371,51.999999999999986,1,-1,-1,-1
29,2,1216.7353095291578,76.90560670708891,73.95037053671672,65.41601167752088,1,-1,-1,-1
29,0,1244,25,47,52,1,-1,-1,-1
30,2,1216.7149487237084,76.89834568455728,73.94655288569493,65.44801257579172,1,-1,-1,-1
30,0,1244,25,47,52,1,-1,-1,-1
31,2,1216.694587918259,76.89108466202566,73.94273523467314,65.48001347406256,1,-1,-1,-1
31,0,1243.7058823529412,25.11764705882353,47.0,52.00000000000001,1,-1,-1,-1
32,2,1216.6742271128096,76.88382363949404,73.93891758365135,65.5120143723334,1,-1,-1,-1
32,0,1243.4117647058824,25.235294117647058,47.0,52.000000000000014,1,-1,-1,-1
33,2,1216.6538663073602,76.87656261696242,73.93509993262956,65.54401527060423,1,-1,-1,-1
33,0,1243.1176470588236,25.352941176470587,47.0,52.00000000000002,1,-1,-1,-1
34,2,1216.6335055019108,76.8693015944308,73.93128228160776,65.57601616887507,1,-1,-1,-1
34,0,1242.8235294117649,25.470588235294116,47.0,52.00000000000003,1,-1,-1,-1
35,2,1216.6131446964614,76.86204057189917,73.92746463058597,65.60801706714591,1,-1,-1,-1
35,0,1242.529411764706,25.588235294117645,47.0,52.000000000000036,1,-1,-1,-1
36,2,1216.592783891012,76.85477954936755,73.92364697956418,65.64001796541675,1,-1,-1,-1
36,0,1242.2352941176473,25.705882352941174,47.0,52.00000000000004,1,-1,-1,-1
37,2,1216.5724230855626,76.84751852683593,73.91982932854239,65.67201886368758,1,-1,-1,-1
37,0,1241.9411764705885,25.823529411764703,47.0,52.00000000000005,1,-1,-1,-1
38,2,1216.5520622801132,76.8402575043043,73.9160116775206,65.70401976195842,1,-1,-1,-1
38,0,1241.6470588235297,25.941176470588232,47.0,52.00000000000006,1,-1,-1,-1
39,2,1216.5317014746638,76.83299648177268,73.91219402649881,65.73602066022926,1,-1,-1,-1
39,0,1241.352941176471,26.05882352941176,47.0,52.000000000000064,1,-1,-1,-1
40,2,1216.5113406692144,76.82573545924106,73.90837637547702,65.7680215585001,1,-1,-1,-1
40,0,1241.0588235294122,26.17647058823529,47.0,52.00000000000007,1,-1,-1,-1
41,2,1216.490979863765,76.81847443670944,73.90455872445523,65.80002245677093,1,-1,-1,-1
41,0,1240.7647058823534,26.29411764705882,47.0,52.00000000000008,1,-1,-1,-1
42,2,1216.4706190583156,76.81121341417781,73.90074107343344,65.83202335504177,1,-1,-1,-1
42,0,1240.4705882352946,26.411764705882348,47.0,52.000000000000085,1,-1,-1,-1
43,2,1216.4502582528662,76.80395239164619,73.89692342241165,65.8640242533126,1,-1,-1,-1
43,0,1240.1764705882358,26.529411764705877,47.0,52.00000000000009,1,-1,-1,-1
44,2,1216.4298974474168,76.79669136911457,73.89310577138986,65.89602515158344,1,-1,-1,-1
44,0,1239.882352941177,26.647058823529406,47.0,52.0000000000001,1,-1,-1,-1
45,2,1216.4095366419674,76.78943034658295,73.88928812036806,65.92802604985428,1,-1,-1,-1
45,0,1239.5882352941182,26.764705882352935,47.0,52.00000000000011,1,-1,-1,-1
46,2,1216.389175836518,76.78216932405132,73.88547046934627,65.96002694812512,1,-1,-1,-1
46,0,1239.2941176470595,26.882352941176464,47.0,52.000000000000114,1,-1,-1,-1
47,2,1216.3688150310686,76.7749083015197,73.88165281832448,65.99202784639596,1,-1,-1,-1
47,0,1239,27,47,52,1,-1,-1,-1
48,2,1216.3484542256192,76.76764727898808,73.87783516730269,66.0240287446668,1,-1,-1,-1
48,0,1238,26,47,52,1,-1,-1,-1
49,2,1216.3280934201698,76.76038625645646,73.8740175162809,66.05602964293763,1,-1,-1,-1
49,0,1236.0,26.0,46.0,52.0,1,-1,-1,-1
50,2,1216.3077326147204,76.75312523392483,73.87019986525911,66.08803054120847,1,-1,-1,-1
50,0,1234.0,26.0,45.0,52.0,1,-1,-1,-1
51,2,1216.287371809271,76.74586421139321,73.86638221423732,66.1200314394793,1,-1,-1,-1
51,0,1232,26,44,52,1,-1,-1,-1
52,2,1216.2670110038216,76.73860318886159,73.86256456321553,66.15203233775014,1,-1,-1,-1
52,0,1232,26,45,52,1,-1,-1,-1
53,2,1216.2466501983722,76.73134216632997,73.85874691219374,66.18403323602098,1,-1,-1,-1
53,0,1228,23,45,51,1,-1,-1,-1
54,2,1216.2262893929228,76.72408114379834,73.85492926117195,66.21603413429182,1,-1,-1,-1
54,0,1227,21,44,51,1,-1,-1,-1
55,2,1216.2059285874734,76.71682012126672,73.85111161015016,66.24803503256265,1,-1,-1,-1
55,0,1227,22,43,49,1,-1,-1,-1
56,2,1216.185567782024,76.7095590987351,73.84729395912836,66.28003593083349,1,-1,-1,-1
56,0,1223,21,45,49,1,-1,-1,-1
57,2,1216.1652069765746,76.70229807620348,73.84347630810657,66.31203682910433,1,-1,-1,-1
57,0,1222,21,44,49,1,-1,-1,-1
58,2,1216.1448461711252,76.69503705367185,73.83965865708478,66.34403772737517,1,-1,-1,-1
58,0,1221,23,46,48,1,-1,-1,-1
59,2,1216.1244853656758,76.68777603114023,73.83584100606299,66.376038625646,1,-1,-1,-1
59,0,1217,22,45,49,1,-1,-1,-1
60,2,1216.1041245602264,76.68051500860861,73.8320233550412,66.40803952391684,1,-1,-1,-1
60,0,1215,20,45,51,1,-1,-1,-1
61,2,1216.083763754777,76.67325398607699,73.82820570401941,66.44004042218768,1,-1,-1,-1
61,0,1211,19,46,51,1,-1,-1,-1
62,2,1216.0634029493276,76.66599296354536,73.82438805299762,66.47204132045852,1,-1,-1,-1
62,0,1211,19,47,51,1,-1,-1,-1
63,2,1216.0430421438782,76.65873194101374,73.82057040197583,66.50404221872935,1,-1,-1,-1
63,0,1210,22,39,45,1,-1,-1,-1
64,2,1216.0226813384288,76.65147091848212,73.81675275095404,66.53604311700019,1,-1,-1,-1
64,0,1205,21,39,46,1,-1,-1,-1
65,2,1216.0023205329794,76.6442098959505,73.81293509993225,66.56804401527103,1,-1,-1,-1
65,0,1194,20,40,48,1,-1,-1,-1
66,2,1215.98195972753,76.63694887341887,73.80911744891046,66.60004491354186,1,-1,-1,-1
66,0,1186,16,44,52,1,-1,-1,-1
67,2,1215.9615989220806,76.62968785088725,73.80529979788867,66.6320458118127,1,-1,-1,-1
67,0,1183,20,42,47,1,-1,-1,-1
68,2,1215.9412381166312,76.62242682835563,73.80148214686687,66.66404671008354,1,-1,-1,-1
68,0,1176,18,47,52,1,-1,-1,-1
69,2,1215.9208773111818,76.615165805824,73.79766449584508,66.69604760835438,1,-1,-1,-1
69,0,1176,18,47,52,1,-1,-1,-1
70,2,1215.9005165057324,76.60790478329238,73.79384684482329,66.72804850662521,1,-1,-1,-1
70,0,1165,18,47,51,1,-1,-1,-1
71,2,1215.880155700283,76.60064376076076,73.7900291938015,66.76004940489605,1,-1,-1,-1
71,0,1157,16,50,55,1,-1,-1,-1
72,2,1215.8597948948336,76.59338273822914,73.78621154277971,66.79205030316689,1,-1,-1,-1
72,0,1155,13,48,55,1,-1,-1,-1
73,2,1215.8394340893842,76.58612171569752,73.78239389175792,66.82405120143773,1,-1,-1,-1
73,0,1151,16,48,54,1,-1,-1,-1
74,2,1215.8190732839348,76.5788606931659,73.77857624073613,66.85605209970856,1,-1,-1,-1
74,0,1146,16,50,56,1,-1,-1,-1
75,2,1215.7987124784854,76.57159967063427,73.77475858971434,66.8880529979794,1,-1,-1,-1
75,0,1144,20,48,53,1,-1,-1,-1
76,2,1215.778351673036,76.56433864810265,73.77094093869255,66.92005389625024,1,-1,-1,-1
76,0,1144,20,48,53,1,-1,-1,-1
77,2,1215.7579908675866,76.55707762557103,73.76712328767076,66.95205479452108,1,-1,-1,-1
77,0,1142,18,48,54,1,-1,-1,-1
78,2,1215.7376300621372,76.5498166030394,73.76330563664897,66.98405569279191,1,-1,-1,-1
78,0,1139,17,47,54,1,-1,-1,-1
79,2,1215.7172692566878,76.54255558050778,73.75948798562717,67.01605659106275,1,-1,-1,-1
79,0,1133,21,47,51,1,-1,-1,-1
80,2,1215.6969084512384,76.53529455797616,73.75567033460538,67.04805748933359,1,-1,-1,-1
80,0,1131,21,46,51,1,-1,-1,-1
81,2,1215.676547645789,76.52803353544454,73.75185268358359,67.08005838760442,1,-1,-1,-1
81,0,1131,21,46,51,1,-1,-1,-1
82,2,1215.6561868403396,76.52077251291291,73.7480350325618,67.11205928587526,1,-1,-1,-1
82,0,1123,23,48,53,1,-1,-1,-1
83,2,1215.6358260348902,76.51351149038129,73.74421738154001,67.1440601841461,1,-1,-1,-1
83,0,1122,25,46,54,1,-1,-1,-1
84,2,1215.6154652294408,76.50625046784967,73.74039973051822,67.17606108241694,1,-1,-1,-1
84,0,1120,27,45,50,1,-1,-1,-1
85,2,1215.5951044239914,76.49898944531805,73.73658207949643,67.20806198068777,1,-1,-1,-1
85,0,1120,27,45,50,1,-1,-1,-1
86,2,1215.574743618542,76.49172842278642,73.73276442847464,67.24006287895861,1,-1,-1,-1
86,0,1116,27,45,49,1,-1,-1,-1
87,2,1215.5543828130926,76.4844674002548,73.72894677745285,67.27206377722945,1,-1,-1,-1
87,0,1112,26,45,51,1,-1,-1,-1
88,2,1215.5340220076432,76.47720637772318,73.72512912643106,67.30406467550029,1,-1,-1,-1
88,0,1108.0,26.0,47.33333333333326,52.66666666666667,1,-1,-1,-1
89,2,1215.5136612021938,76.46994535519156,73.72131147540927,67.33606557377112,1,-1,-1,-1
89,0,1104.0,26.0,49.666666666666515,54.33333333333334,1,-1,-1,-1
90,2,1215.4933003967444,76.46268433265993,73.71749382438747,67.36806647204196,1,-1,-1,-1
90,0,1100,26,52,56,1,-1,-1,-1
91,2,1215.472939591295,76.45542331012831,73.71367617336568,67.4000673703128,1,-1,-1,-1
91,0,1098,27,51,54,1,-1,-1,-1
92,2,1215.4525787858456,76.44816228759669,73.7098585223439,67.43206826858363,1,-1,-1,-1
92,0,1095,30,49,50,1,-1,-1,-1
93,2,1215.4322179803962,76.44090126506507,73.7060408713221,67.46406916685447,1,-1,-1,-1
93,0,1088,28,48,52,1,-1,-1,-1
94,2,1215.4118571749468,76.43364024253344,73.70222322030031,67.49607006512531,1,-1,-1,-1
94,0,1078,29,50,53,1,-1,-1,-1
95,2,1215.3914963694974,76.42637922000182,73.69840556927852,67.52807096339615,1,-1,-1,-1
95,0,1078,29,49,53,1,-1,-1,-1
96,2,1215.371135564048,76.4191181974702,73.69458791825673,67.56007186166698,1,-1,-1,-1
96,0,1078,29,49,53,1,-1,-1,-1
97,2,1215.3507747585986,76.41185717493858,73.69077026723494,67.59207275993782,1,-1,-1,-1
97,0,1078,29,49,53,1,-1,-1,-1
98,2,1215.3304139531492,76.40459615240695,73.68695261621315,67.62407365820866,1,-1,-1,-1
98,0,1062,32,52,57,1,-1,-1,-1
99,2,1215.3100531476998,76.39733512987533,73.68313496519136,67.6560745564795,1,-1,-1,-1
99,0,1049,33,55,60,1,-1,-1,-1
100,2,1215.2896923422504,76.39007410734371,73.67931731416957,67.68807545475033,1,-1,-1,-1
100,0,1041,35,56,56,1,-1,-1,-1
101,2,1215.269331536801,76.38281308481208,73.67549966314778,67.72007635302117,1,-1,-1,-1
101,0,1034,35,53,62,1,-1,-1,-1
102,2,1215.2489707313516,76.37555206228046,73.67168201212598,67.75207725129201,1,-1,-1,-1
102,0,1034,34,53,65,1,-1,-1,-1
103,2,1215.2286099259022,76.36829103974884,73.6678643611042,67.78407814956284,1,-1,-1,-1
103,0,1025,36,58,66,1,-1,-1,-1
104,2,1215.2082491204528,76.36103001721722,73.6640467100824,67.81607904783368,1,-1,-1,-1
104,0,1023,37,55,63,1,-1,-1,-1
105,2,1215.1878883150034,76.3537689946856,73.66022905906061,67.84807994610452,1,-1,-1,-1
105,0,1021,39,54,61,1,-1,-1,-1
106,2,1215.167527509554,76.34650797215397,73.65641140803882,67.88008084437536,1,-1,-1,-1
106,0,1017,41,53,59,1,-1,-1,-1
107,2,1215.1471667041046,76.33924694962235,73.65259375701703,67.9120817426462,1,-1,-1,-1
107,0,1014,43,52,60,1,-1,-1,-1
108,2,1215.1268058986552,76.33198592709073,73.64877610599524,67.94408264091703,1,-1,-1,-1
108,0,1012,46,51,63,1,-1,-1,-1
109,2,1215.1064450932058,76.3247249045591,73.64495845497345,67.97608353918787,1,-1,-1,-1
109,0,1007,47,54,66,1,-1,-1,-1
110,2,1215.0860842877564,76.31746388202748,73.64114080395166,68.0080844374587,1,-1,-1,-1
110,0,1005,54,54,65,1,-1,-1,-1
111,2,1215.065723482307,76.31020285949586,73.63732315292987,68.04008533572954,1,-1,-1,-1
111,0,1005,54,54,65,1,-1,-1,-1
112,2,1215.0453626768576,76.30294183696424,73.63350550190808,68.07208623400038,1,-1,-1,-1
112,0,999,55,61,65,1,-1,-1,-1
113,2,1215.0250018714082,76.29568081443261,73.62968785088628,68.10408713227122,1,-1,-1,-1
113,0,998,54,57,68,1,-1,-1,-1
114,2,1215.0046410659588,76.28841979190099,73.6258701998645,68.13608803054206,1,-1,-1,-1
114,0,998,57,55,64,1,-1,-1,-1
115,2,1214.9842802605094,76.28115876936937,73.6220525488427,68.16808892881289,1,-1,-1,-1
115,0,997,57,56,65,1,-1,-1,-1
116,2,1214.96391945506,76.27389774683775,73.61823489782091,68.20008982708373,1,-1,-1,-1
116,0,988,63,61,66,1,-1,-1,-1
117,2,1214.9435586496106,76.26663672430612,73.61441724679912,68.23209072535457,1,-1,-1,-1
117,0,985,65,61,70,1,-1,-1,-1
118,2,1214.9231978441612,76.2593757017745,73.61059959577733,68.2640916236254,1,-1,-1,-1
118,0,978,69,62,69,1,-1,-1,-1
119,2,1214.9028370387118,76.25211467924288,73.60678194475554,68.29609252189624,1,-1,-1,-1
119,0,975,75,65,75,1,-1,-1,-1
120,2,1214.8824762332624,76.24485365671126,73.60296429373375,68.32809342016708,1,-1,-1,-1
120,0,975,79,67,72,1,-1,-1,-1
121,2,1214.862115427813,76.23759263417963,73.59914664271196,68.36009431843792,1,-1,-1,-1
121,0,975,79,67,72,1,-1,-1,-1
122,2,1214.8417546223636,76.23033161164801,73.59532899169017,68.39209521670875,1,-1,-1,-1
122,0,962,79,75,82,1,-1,-1,-1
123,2,1214.8213938169142,76.22307058911639,73.59151134066838,68.42409611497959,1,-1,-1,-1
123,0,962,80,75,81,1,-1,-1,-1
124,2,1214.8010330114648,76.21580956658477,73.58769368964658,68.45609701325043,1,-1,-1,-1
124,0,954,83,78,83,1,-1,-1,-1
125,2,1214.7806722060154,76.20854854405314,73.5838760386248,68.48809791152127,1,-1,-1,-1
125,0,949,86,81,86,1,-1,-1,-1
126,2,1214.760311400566,76.20128752152152,73.580058387603,68.5200988097921,1,-1,-1,-1
126,0,944,98,66,77,1,-1,-1,-1
127,2,1214.7399505951166,76.1940264989899,73.57624073658121,68.55209970806294,1,-1,-1,-1
127,0,940,102,70,77,1,-1,-1,-1
128,2,1214.7195897896672,76.18676547645828,73.57242308555942,68.58410060633378,1,-1,-1,-1
128,0,934,108,70,80,1,-1,-1,-1
129,2,1214.6992289842178,76.17950445392665,73.56860543453763,68.61610150460461,1,-1,-1,-1
129,0,935,108,69,79,1,-1,-1,-1
130,2,1214.6788681787684,76.17224343139503,73.56478778351584,68.64810240287545,1,-1,-1,-1
130,0,930,114,73,81,1,-1,-1,-1
131,2,1214.658507373319,76.16498240886341,73.56097013249405,68.68010330114629,1,-1,-1,-1
131,0,929,118,71,83,1,-1,-1,-1
132,2,1214.6381465678696,76.15772138633179,73.55715248147226,68.71210419941713,1,-1,-1,-1
132,0,929,123,68,83,1,-1,-1,-1
133,2,1214.6177857624202,76.15046036380016,73.55333483045047,68.74410509768796,1,-1,-1,-1
133,0,928,129,69,82,1,-1,-1,-1
134,2,1214.5974249569708,76.14319934126854,73.54951717942868,68.7761059959588,1,-1,-1,-1
134,0,926,135,71,85,1,-1,-1,-1
135,2,1214.5770641515214,76.13593831873692,73.54569952840689,68.80810689422964,1,-1,-1,-1
135,0,926,141,70,81,1,-1,-1,-1
136,2,1214.556703346072,76.1286772962053,73.5418818773851,68.84010779250048,1,-1,-1,-1
136,0,917,151,76,87,1,-1,-1,-1
137,2,1214.5363425406226,76.12141627367367,73.5380642263633,68.87210869077131,1,-1,-1,-1
137,0,917,151,76,87,1,-1,-1,-1
138,2,1214.5159817351732,76.11415525114205,73.53424657534151,68.90410958904215,1,-1,-1,-1
138,0,915,156,77,93,1,-1,-1,-1
139,2,1214.4956209297238,76.10689422861043,73.53042892431972,68.93611048731299,1,-1,-1,-1
139,0,907,169,81,94,1,-1,-1,-1
140,2,1214.4752601242744,76.0996332060788,73.52661127329793,68.96811138558382,1,-1,-1,-1
140,0,906,180,83,100,1,-1,-1,-1
141,2,1214.454899318825,76.09237218354718,73.52279362227614,69.00011228385466,1,-1,-1,-1
141,0,907,187,82,101,1,-1,-1,-1
142,2,1214.4345385133756,76.08511116101556,73.51897597125435,69.0321131821255,1,-1,-1,-1
142,0,903,196,86,107,1,-1,-1,-1
143,2,1214.4141777079262,76.07785013848394,73.51515832023256,69.06411408039634,1,-1,-1,-1
143,0,903,196,85,107,1,-1,-1,-1
144,2,1214.3938169024768,76.07058911595232,73.51134066921077,69.09611497866717,1,-1,-1,-1
144,0,902,205,84,105,1,-1,-1,-1
145,2,1214.3734560970274,76.0633280934207,73.50752301818898,69.12811587693801,1,-1,-1,-1
145,0,898,215,87,108,1,-1,-1,-1
146,2,1214.353095291578,76.05606707088907,73.50370536716719,69.16011677520885,1,-1,-1,-1
146,0,898,215,87,108,1,-1,-1,-1
147,2,1214.3327344861286,76.04880604835745,73.4998877161454,69.19211767347969,1,-1,-1,-1
147,0,899,215,86,107,1,-1,-1,-1
148,2,1214.3123736806792,76.04154502582583,73.4960700651236,69.22411857175052,1,-1,-1,-1
148,0,891,229,99,119,1,-1,-1,-1
149,2,1214.2920128752298,76.0342840032942,73.49225241410181,69.25611947002136,1,-1,-1,-1
149,0,893,235,104,126,1,-1,-1,-1
150,2,1214.2716520697804,76.02702298076258,73.48843476308002,69.2881203682922,1,-1,-1,-1
150,0,900,246,106,128,1,-1,-1,-1
151,2,1214.251291264331,76.01976195823096,73.48461711205823,69.32012126656304,1,-1,-1,-1
151,0,908,258,105,129,1,-1,-1,-1
152,2,1214.2309304588816,76.01250093569934,73.48079946103644,69.35212216483387,1,-1,-1,-1
152,0,917,272,107,124,1,-1,-1,-1
153,2,1214.2105696534322,76.00523991316771,73.47698181001465,69.38412306310471,1,-1,-1,-1
153,0,941,299,109,134,1,-1,-1,-1
154,2,1214.1902088479828,75.99797889063609,73.47316415899286,69.41612396137555,1,-1,-1,-1
154,0,954,316,116,134,1,-1,-1,-1
155,2,1214.1698480425334,75.99071786810447,73.46934650797107,69.44812485964638,1,-1,-1,-1
155,0,966,330,122,139,1,-1,-1,-1
156,2,1214.149487237084,75.98345684557285,73.46552885694928,69.48012575791722,1,-1,-1,-1
156,0,979,338,124,143,1,-1,-1,-1
157,2,1214.1291264316346,75.97619582304122,73.46171120592749,69.51212665618806,1,-1,-1,-1
157,0,986,346,134,152,1,-1,-1,-1
158,2,1214.1087656261852,75.9689348005096,73.4578935549057,69.5441275544589,1,-1,-1,-1
158,0,998,358,131,161,1,-1,-1,-1
159,2,1214.0884048207358,75.96167377797798,73.4540759038839,69.57612845272973,1,-1,-1,-1
159,0,1007,370,136,157,1,-1,-1,-1
160,2,1214.0680440152864,75.95441275544636,73.45025825286211,69.60812935100057,1,-1,-1,-1
160,0,1017,382,136,145,1,-1,-1,-1
161,2,1214.047683209837,75.94715173291473,73.44644060184032,69.64013024927141,1,-1,-1,-1
161,0,1025,400,141,154,1,-1,-1,-1
162,2,1214.0273224043876,75.93989071038311,73.44262295081853,69.67213114754225,1,-1,-1,-1
162,0,1034,421,149,174,1,-1,-1,-1
163,2,1214.0069615989382,75.93262968785149,73.43880529979674,69.70413204581308,1,-1,-1,-1
163,0,1033,419,149,175,1,-1,-1,-1
164,2,1213.9866007934888,75.92536866531987,73.43498764877495,69.73613294408392,1,-1,-1,-1
164,0,1046,440,154,181,1,-1,-1,-1
165,2,1213.9662399880394,75.91810764278824,73.43116999775316,69.76813384235476,1,-1,-1,-1
165,0,1059,469,163,178,1,-1,-1,-1
166,2,1213.94587918259,75.91084662025662,73.42735234673137,69.8001347406256,1,-1,-1,-1
166,0,1069,492,172,198,1,-1,-1,-1
167,2,1213.9255183771406,75.903585597725,73.42353469570958,69.83213563889643,1,-1,-1,-1
167,0,1100,538,182,187,1,-1,-1,-1
168,2,1213.9051575716912,75.89632457519338,73.41971704468779,69.86413653716727,1,-1,-1,-1
168,0,1116,552,202,211,1,-1,-1,-1
169,2,1213.8847967662418,75.88906355266175,73.415899393666,69.8961374354381,1,-1,-1,-1
169,0,1116,553,202,197,1,-1,-1,-1
170,2,1213.8644359607924,75.88180253013013,73.4120817426442,69.92813833370894,1,-1,-1,-1
170,0,1140,569,198,214,1,-1,-1,-1
171,2,1213.844075155343,75.87454150759851,73.40826409162241,69.96013923197978,1,-1,-1,-1
171,0,1166,595,192,209,1,-1,-1,-1
172,2,1213.8237143498936,75.86728048506689,73.40444644060062,69.99214013025062,1,-1,-1,-1
172,0,1212,648,197,204,1,-1,-1,-1
173,2,1213.8033535444442,75.86001946253526,73.40062878957883,70.02414102852146,1,-1,-1,-1
173,0,1270,696,213,205,1,-1,-1,-1
174,2,1213.7829927389948,75.85275844000364,73.39681113855704,70.0561419267923,1,-1,-1,-1
174,0,1266,695,217,204,1,-1,-1,-1
175,2,1213.7626319335454,75.84549741747202,73.39299348753525,70.08814282506313,1,-1,-1,-1
175,0,1285,716,235,226,1,-1,-1,-1
176,2,1213.742271128096,75.8382363949404,73.38917583651346,70.12014372333397,1,-1,-1,-1
176,0,1349,747,200,219,1,-1,-1,-1
177,2,1213.7219103226466,75.83097537240877,73.38535818549167,70.1521446216048,1,-1,-1,-1
177,0,1381,771,196,223,1,-1,-1,-1
178,2,1213.7015495171972,75.82371434987715,73.38154053446988,70.18414551987564,1,-1,-1,-1
178,0,1399,794,228,238,1,-1,-1,-1
179,2,1213.6811887117478,75.81645332734553,73.37772288344809,70.21614641814648,1,-1,-1,-1
179,0,1423,820,215,226,1,-1,-1,-1
180,2,1213.6608279062984,75.8091923048139,73.3739052324263,70.24814731641732,1,-1,-1,-1
181,2,1213.640467100849,75.80193128228228,73.3700875814045,70.28014821468815,1,-1,-1,-1
182,2,1213.6201062953996,75.79467025975066,73.36626993038271,70.31214911295899,1,-1,-1,-1
183,2,1213.5997454899502,75.78740923721904,73.36245227936092,70.34415001122983,1,-1,-1,-1
184,2,1213.5793846845008,75.78014821468742,73.35863462833913,70.37615090950067,1,-1,-1,-1
185,2,1213.5590238790514,75.77288719215579,73.35481697731734,70.4081518077715,1,-1,-1,-1
186,2,1213.538663073602,75.76562616962417,73.35099932629555,70.44015270604234,1,-1,-1,-1
187,2,1213.5183022681526,75.75836514709255,73.34718167527376,70.47215360431318,1,-1,-1,-1
188,2,1213.4979414627032,75.75110412456092,73.34336402425197,70.50415450258402,1,-1,-1,-1
189,2,1213.4775806572538,75.7438431020293,73.33954637323018,70.53615540085485,1,-1,-1,-1
190,2,1213.4572198518044,75.73658207949768,73.33572872220839,70.56815629912569,1,-1,-1,-1
191,2,1213.436859046355,75.72932105696606,73.3319110711866,70.60015719739653,1,-1,-1,-1
192,2,1213.4164982409056,75.72206003443443,73.3280934201648,70.63215809566736,1,-1,-1,-1
193,2,1213.3961374354562,75.71479901190281,73.32427576914301,70.6641589939382,1,-1,-1,-1
194,2,1213.3757766300068,75.70753798937119,73.32045811812122,70.69615989220904,1,-1,-1,-1
195,2,1213.3554158245574,75.70027696683957,73.31664046709943,70.72816079047988,1,-1,-1,-1
196,2,1213.335055019108,75.69301594430794,73.31282281607764,70.76016168875071,1,-1,-1,-1
197,2,1213.3146942136586,75.68575492177632,73.30900516505585,70.79216258702155,1,-1,-1,-1
198,2,1213.2943334082092,75.6784938992447,73.30518751403406,70.82416348529239,1,-1,-1,-1
199,2,1213.2739726027598,75.67123287671308,73.30136986301227,70.85616438356323,1,-1,-1,-1
200,2,1213.2536117973104,75.66397185418145,73.29755221199048,70.88816528183406,1,-1,-1,-1
201,2,1213.233250991861,75.65671083164983,73.29373456096869,70.9201661801049,1,-1,-1,-1
202,2,1213.2128901864116,75.64944980911821,73.2899169099469,70.95216707837574,1,-1,-1,-1
203,2,1213.1925293809622,75.64218878658659,73.2860992589251,70.98416797664657,1,-1,-1,-1
204,2,1213.1721685755128,75.63492776405496,73.28228160790331,71.01616887491741,1,-1,-1,-1
205,2,1213.1518077700634,75.62766674152334,73.27846395688152,71.04816977318825,1,-1,-1,-1
206,2,1213.131446964614,75.62040571899172,73.27464630585973,71.08017067145909,1,-1,-1,-1
207,2,1213.1110861591646,75.6131446964601,73.27082865483794,71.11217156972992,1,-1,-1,-1
208,2,1213.0907253537152,75.60588367392847,73.26701100381615,71.14417246800076,1,-1,-1,-1
209,2,1213.0703645482658,75.59862265139685,73.26319335279436,71.1761733662716,1,-1,-1,-1
210,2,1213.0500037428164,75.59136162886523,73.25937570177257,71.20817426454244,1,-1,-1,-1
211,2,1213.029642937367,75.5841006063336,73.25555805075078,71.24017516281327,1,-1,-1,-1
212,2,1213.0092821319176,75.57683958380198,73.25174039972899,71.27217606108411,1,-1,-1,-1
213,2,1212.9889213264682,75.56957856127036,73.2479227487072,71.30417695935495,1,-1,-1,-1
214,2,1212.9685605210188,75.56231753873874,73.2441050976854,71.33617785762578,1,-1,-1,-1
215,2,1212.9481997155694,75.55505651620712,73.24028744666361,71.36817875589662,1,-1,-1,-1
216,2,1212.92783891012,75.5477954936755,73.23646979564182,71.40017965416746,1,-1,-1,-1
217,2,1212.9074781046706,75.54053447114387,73.23265214462003,71.4321805524383,1,-1,-1,-1
218,2,1212.8871172992212,75.53327344861225,73.22883449359824,71.46418145070913,1,-1,-1,-1
219,2,1212.8667564937718,75.52601242608063,73.22501684257645,71.49618234897997,1,-1,-1,-1
220,2,1212.8463956883224,75.518751403549,73.22119919155466,71.52818324725081,1,-1,-1,-1
221,2,1212.826034882873,75.51149038101738,73.21738154053287,71.56018414552165,1,-1,-1,-1
222,2,1212.8056740774236,75.50422935848576,73.21356388951108,71.59218504379248,1,-1,-1,-1
223,2,1212.7853132719742,75.49696833595414,73.20974623848929,71.62418594206332,1,-1,-1,-1
224,2,1212.7649524665248,75.48970731342251,73.2059285874675,71.65618684033416,1,-1,-1,-1
225,2,1212.7445916610754,75.48244629089089,73.2021109364457,71.688187738605,1,-1,-1,-1
226,2,1212.724230855626,75.47518526835927,73.19829328542392,71.72018863687583,1,-1,-1,-1
227,2,1212.7038700501766,75.46792424582765,73.19447563440212,71.75218953514667,1,-1,-1,-1
228,2,1212.6835092447272,75.46066322329602,73.19065798338033,71.7841904334175,1,-1,-1,-1
229,2,1212.6631484392778,75.4534022007644,73.18684033235854,71.81619133168834,1,-1,-1,-1
230,2,1212.6427876338284,75.44614117823278,73.18302268133675,71.84819222995918,1,-1,-1,-1
231,2,1212.622426828379,75.43888015570116,73.17920503031496,71.88019312823002,1,-1,-1,-1
232,2,1212.6020660229296,75.43161913316953,73.17538737929317,71.91219402650086,1,-1,-1,-1
233,2,1212.5817052174802,75.42435811063791,73.17156972827138,71.9441949247717,1,-1,-1,-1
234,2,1212.5613444120308,75.41709708810629,73.16775207724959,71.97619582304253,1,-1,-1,-1
235,2,1212.5409836065814,75.40983606557467,73.1639344262278,72.00819672131337,1,-1,-1,-1
236,2,1212.520622801132,75.40257504304304,73.160116775206,72.0401976195842,1,-1,-1,-1
237,2,1212.5002619956826,75.39531402051142,73.15629912418422,72.07219851785504,1,-1,-1,-1
238,2,1212.4799011902332,75.3880529979798,73.15248147316242,72.10419941612588,1,-1,-1,-1
239,2,1212.4595403847838,75.38079197544818,73.14866382214063,72.13620031439672,1,-1,-1,-1
240,2,1212.4391795793344,75.37353095291655,73.14484617111884,72.16820121266755,1,-1,-1,-1
241,2,1212.418818773885,75.36626993038493,73.14102852009705,72.20020211093839,1,-1,-1,-1
242,2,1212.3984579684357,75.35900890785331,73.13721086907526,72.23220300920923,1,-1,-1,-1
243,2,1212.3780971629863,75.35174788532169,73.13339321805347,72.26420390748007,1,-1,-1,-1
244,2,1212.3577363575369,75.34448686279006,73.12957556703168,72.2962048057509,1,-1,-1,-1
245,2,1212.3373755520875,75.33722584025844,73.12575791600989,72.32820570402174,1,-1,-1,-1
246,2,1212.317014746638,75.32996481772682,73.1219402649881,72.36020660229258,1,-1,-1,-1
247,2,1212.2966539411887,75.3227037951952,73.1181226139663,72.39220750056342,1,-1,-1,-1
248,2,1212.2762931357393,75.31544277266357,73.11430496294452,72.42420839883425,1,-1,-1,-1
249,2,1212.2559323302899,75.30818175013195,73.11048731192272,72.45620929710509,1,-1,-1,-1
250,2,1212.2355715248405,75.30092072760033,73.10666966090093,72.48821019537593,1,-1,-1,-1
251,2,1212.215210719391,75.2936597050687,73.10285200987914,72.52021109364676,1,-1,-1,-1
252,2,1212.1948499139417,75.28639868253708,73.09903435885735,72.5522119919176,1,-1,-1,-1
253,2,1212.1744891084923,75.27913766000546,73.09521670783556,72.58421289018844,1,-1,-1,-1
254,2,1212.1541283030429,75.27187663747384,73.09139905681377,72.61621378845928,1,-1,-1,-1
255,2,1212.1337674975935,75.26461561494222,73.08758140579198,72.64821468673011,1,-1,-1,-1
256,2,1212.113406692144,75.25735459241059,73.08376375477019,72.68021558500095,1,-1,-1,-1
257,2,1212.0930458866947,75.25009356987897,73.0799461037484,72.71221648327179,1,-1,-1,-1
258,2,1212.0726850812453,75.24283254734735,73.0761284527266,72.74421738154263,1,-1,-1,-1
259,2,1212.0523242757959,75.23557152481573,73.07231080170482,72.77621827981346,1,-1,-1,-1
260,2,1212.0319634703465,75.2283105022841,73.06849315068303,72.8082191780843,1,-1,-1,-1
261,2,1212.011602664897,75.22104947975248,73.06467549966123,72.84022007635514,1,-1,-1,-1
262,2,1211.9912418594477,75.21378845722086,73.06085784863944,72.87222097462598,1,-1,-1,-1
263,2,1211.9708810539983,75.20652743468924,73.05704019761765,72.90422187289681,1,-1,-1,-1
264,2,1211.9505202485489,75.19926641215761,73.05322254659586,72.93622277116765,1,-1,-1,-1
265,2,1211.9301594430995,75.19200538962599,73.04940489557407,72.96822366943849,1,-1,-1,-1
266,2,1211.90979863765,75.18474436709437,73.04558724455228,73.00022456770932,1,-1,-1,-1
267,2,1211.8894378322007,75.17748334456275,73.04176959353049,73.03222546598016,1,-1,-1,-1
268,2,1211.8690770267513,75.17022232203112,73.0379519425087,73.064226364251,1,-1,-1,-1
269,2,1211.8487162213019,75.1629612994995,73.03413429148691,73.09622726252184,1,-1,-1,-1
270,2,1211.8283554158525,75.15570027696788,73.03031664046512,73.12822816079267,1,-1,-1,-1
271,2,1211.807994610403,75.14843925443625,73.02649898944333,73.16022905906351,1,-1,-1,-1
272,2,1211.7876338049537,75.14117823190463,73.02268133842153,73.19222995733435,1,-1,-1,-1
273,2,1211.7672729995043,75.13391720937301,73.01886368739974,73.22423085560519,1,-1,-1,-1
274,2,1211.7469121940549,75.12665618684139,73.01504603637795,73.25623175387602,1,-1,-1,-1
275,2,1211.7265513886055,75.11939516430976,73.01122838535616,73.28823265214686,1,-1,-1,-1
276,2,1211.706190583156,75.11213414177814,73.00741073433437,73.3202335504177,1,-1,-1,-1
277,2,1211.6858297777067,75.10487311924652,73.00359308331258,73.35223444868853,1,-1,-1,-1
278,2,1211.6654689722573,75.0976120967149,72.99977543229079,73.38423534695937,1,-1,-1,-1
279,2,1211.6451081668079,75.09035107418327,72.995957781269,73.41623624523021,1,-1,-1,-1
280,2,1211.6247473613585,75.08309005165165,72.99214013024721,73.44823714350105,1,-1,-1,-1
281,2,1211.604386555909,75.07582902912003,72.98832247922542,73.48023804177188,1,-1,-1,-1
282,2,1211.5840257504597,75.06856800658841,72.98450482820363,73.51223894004272,1,-1,-1,-1
283,2,1211.5636649450103,75.06130698405678,72.98068717718184,73.54423983831356,1,-1,-1,-1
284,2,1211.5433041395609,75.05404596152516,72.97686952616004,73.5762407365844,1,-1,-1,-1
285,2,1211.5229433341115,75.04678493899354,72.97305187513825,73.60824163485523,1,-1,-1,-1
286,2,1211.502582528662,75.03952391646192,72.96923422411646,73.64024253312607,1,-1,-1,-1
287,2,1211.4822217232127,75.0322628939303,72.96541657309467,73.67224343139691,1,-1,-1,-1
288,2,1211.4618609177633,75.02500187139867,72.96159892207288,73.70424432966774,1,-1,-1,-1
289,2,1211.4415001123139,75.01774084886705,72.95778127105109,73.73624522793858,1,-1,-1,-1
290,2,1211.4211393068645,75.01047982633543,72.9539636200293,73.76824612620942,1,-1,-1,-1
291,2,1211.400778501415,75.0032188038038,72.95014596900751,73.80024702448026,1,-1,-1,-1
292,2,1211.3804176959657,74.99595778127218,72.94632831798572,73.8322479227511,1,-1,-1,-1
293,2,1211.3600568905163,74.98869675874056,72.94251066696393,73.86424882102193,1,-1,-1,-1
294,2,1211.3396960850669,74.98143573620894,72.93869301594214,73.89624971929277,1,-1,-1,-1
295,2,1211.3193352796175,74.97417471367731,72.93487536492034,73.9282506175636,1,-1,-1,-1
296,2,1211.298974474168,74.96691369114569,72.93105771389855,73.96025151583444,1,-1,-1,-1
297,2,1211.2786136687187,74.95965266861407,72.92724006287676,73.99225241410528,1,-1,-1,-1
298,2,1211.2582528632693,74.95239164608245,72.92342241185497,74.02425331237612,1,-1,-1,-1
299,2,1211.2378920578199,74.94513062355082,72.91960476083318,74.05625421064696,1,-1,-1,-1
300,2,1211.2175312523705,74.9378696010192,72.91578710981139,74.08825510891779,1,-1,-1,-1
301,2,1211.197170446921,74.93060857848758,72.9119694587896,74.12025600718863,1,-1,-1,-1
302,2,1211.1768096414717,74.92334755595596,72.90815180776781,74.15225690545947,1,-1,-1,-1
303,2,1211.1564488360223,74.91608653342433,72.90433415674602,74.1842578037303,1,-1,-1,-1
304,2,1211.1360880305729,74.90882551089271,72.90051650572423,74.21625870200114,1,-1,-1,-1
305,2,1211.1157272251235,74.90156448836109,72.89669885470244,74.24825960027198,1,-1,-1,-1
306,2,1211.095366419674,74.89430346582947,72.89288120368064,74.28026049854282,1,-1,-1,-1
307,2,1211.0750056142247,74.88704244329784,72.88906355265885,74.31226139681365,1,-1,-1,-1
308,2,1211.0546448087753,74.87978142076622,72.88524590163706,74.34426229508449,1,-1,-1,-1
309,2,1211.0342840033259,74.8725203982346,72.88142825061527,74.37626319335533,1,-1,-1,-1
310,2,1211.0139231978765,74.86525937570298,72.87761059959348,74.40826409162617,1,-1,-1,-1
311,2,1210.993562392427,74.85799835317135,72.87379294857169,74.440264989897,1,-1,-1,-1
312,2,1210.9732015869777,74.85073733063973,72.8699752975499,74.47226588816784,1,-1,-1,-1
313,2,1210.9528407815283,74.84347630810811,72.86615764652811,74.50426678643868,1,-1,-1,-1
314,2,1210.9324799760789,74.83621528557649,72.86233999550632,74.53626768470951,1,-1,-1,-1
315,2,1210.9121191706295,74.82895426304486,72.85852234448453,74.56826858298035,1,-1,-1,-1
316,2,1210.89175836518,74.82169324051324,72.85470469346274,74.60026948125119,1,-1,-1,-1
317,2,1210.8713975597307,74.81443221798162,72.85088704244095,74.63227037952203,1,-1,-1,-1
318,2,1210.8510367542813,74.80717119545,72.84706939141915,74.66427127779286,1,-1,-1,-1
319,2,1210.8306759488319,74.79991017291837,72.84325174039736,74.6962721760637,1,-1,-1,-1
320,2,1210.8103151433825,74.79264915038675,72.83943408937557,74.72827307433454,1,-1,-1,-1
321,2,1210.789954337933,74.78538812785513,72.83561643835378,74.76027397260538,1,-1,-1,-1
322,2,1210.7695935324837,74.7781271053235,72.83179878733199,74.79227487087621,1,-1,-1,-1
323,2,1210.7492327270343,74.77086608279188,72.8279811363102,74.82427576914705,1,-1,-1,-1
324,2,1210.7288719215849,74.76360506026026,72.82416348528841,74.85627666741789,1,-1,-1,-1
325,2,1210.7085111161355,74.75634403772864,72.82034583426662,74.88827756568872,1,-1,-1,-1
326,2,1210.688150310686,74.74908301519702,72.81652818324483,74.92027846395956,1,-1,-1,-1
327,2,1210.6677895052367,74.7418219926654,72.81271053222304,74.9522793622304,1,-1,-1,-1
328,2,1210.6474286997873,74.73456097013377,72.80889288120125,74.98428026050124,1,-1,-1,-1
329,2,1210.6270678943379,74.72729994760215,72.80507523017945,75.01628115877207,1,-1,-1,-1
330,2,1210.6067070888885,74.72003892507053,72.80125757915766,75.04828205704291,1,-1,-1,-1
331,2,1210.586346283439,74.7127779025389,72.79743992813587,75.08028295531375,1,-1,-1,-1
332,2,1210.5659854779897,74.70551688000728,72.79362227711408,75.11228385358459,1,-1,-1,-1
333,2,1210.5456246725403,74.69825585747566,72.78980462609229,75.14428475185542,1,-1,-1,-1
334,2,1210.5252638670909,74.69099483494404,72.7859869750705,75.17628565012626,1,-1,-1,-1
335,2,1210.5049030616415,74.68373381241241,72.78216932404871,75.2082865483971,1,-1,-1,-1
336,2,1210.484542256192,74.67647278988079,72.77835167302692,75.24028744666794,1,-1,-1,-1
337,2,1210.4641814507427,74.66921176734917,72.77453402200513,75.27228834493877,1,-1,-1,-1
338,2,1210.4438206452933,74.66195074481755,72.77071637098334,75.30428924320961,1,-1,-1,-1
339,2,1210.4234598398439,74.65468972228592,72.76689871996155,75.33629014148045,1,-1,-1,-1
340,2,1210.4030990343945,74.6474286997543,72.76308106893975,75.36829103975128,1,-1,-1,-1
341,2,1210.382738228945,74.64016767722268,72.75926341791796,75.40029193802212,1,-1,-1,-1
342,2,1210.3623774234957,74.63290665469106,72.75544576689617,75.43229283629296,1,-1,-1,-1
343,2,1210.3420166180463,74.62564563215943,72.75162811587438,75.4642937345638,1,-1,-1,-1
344,2,1210.3216558125969,74.61838460962781,72.74781046485259,75.49629463283463,1,-1,-1,-1
345,2,1210.3012950071475,74.61112358709619,72.7439928138308,75.52829553110547,1,-1,-1,-1
346,2,1210.280934201698,74.60386256456457,72.74017516280901,75.56029642937631,1,-1,-1,-1
347,2,1210.2605733962487,74.59660154203294,72.73635751178722,75.59229732764715,1,-1,-1,-1
348,2,1210.2402125907993,74.58934051950132,72.73253986076543,75.62429822591798,1,-1,-1,-1
349,2,1210.2198517853499,74.5820794969697,72.72872220974364,75.65629912418882,1,-1,-1,-1
350,2,1210.1994909799005,74.57481847443808,72.72490455872185,75.68830002245966,1,-1,-1,-1
351,2,1210.179130174451,74.56755745190645,72.72108690770006,75.7203009207305,1,-1,-1,-1
352,2,1210.1587693690017,74.56029642937483,72.71726925667826,75.75230181900133,1,-1,-1,-1
353,2,1210.1384085635523,74.55303540684321,72.71345160565647,75.78430271727217,1,-1,-1,-1
354,2,1210.1180477581029,74.54577438431158,72.70963395463468,75.816303615543,1,-1,-1,-1
355,2,1210.0976869526535,74.53851336177996,72.70581630361289,75.84830451381384,1,-1,-1,-1
356,2,1210.077326147204,74.53125233924834,72.7019986525911,75.88030541208468,1,-1,-1,-1
357,2,1210.0569653417547,74.52399131671672,72.69818100156931,75.91230631035552,1,-1,-1,-1
358,2,1210.0366045363053,74.5167302941851,72.69436335054752,75.94430720862636,1,-1,-1,-1
359,2,1210.0162437308559,74.50946927165347,72.69054569952573,75.97630810689719,1,-1,-1,-1
360,2,1209.9958829254065,74.50220824912185,72.68672804850394,76.00830900516803,1,-1,-1,-1
361,2,1209.975522119957,74.49494722659023,72.68291039748215,76.04030990343887,1,-1,-1,-1
362,2,1209.9551613145077,74.4876862040586,72.67909274646036,76.0723108017097,1,-1,-1,-1
363,2,1209.9348005090583,74.48042518152698,72.67527509543856,76.10431169998054,1,-1,-1,-1
364,2,1209.9144397036089,74.47316415899536,72.67145744441677,76.13631259825138,1,-1,-1,-1
365,2,1209.8940788981595,74.46590313646374,72.66763979339498,76.16831349652222,1,-1,-1,-1
366,2,1209.87371809271,74.45864211393211,72.66382214237319,76.20031439479305,1,-1,-1,-1
367,2,1209.8533572872607,74.45138109140049,72.6600044913514,76.23231529306389,1,-1,-1,-1
368,2,1209.8329964818113,74.44412006886887,72.65618684032961,76.26431619133473,1,-1,-1,-1
369,2,1209.8126356763619,74.43685904633725,72.65236918930782,76.29631708960557,1,-1,-1,-1
370,2,1209.7922748709125,74.42959802380562,72.64855153828603,76.3283179878764,1,-1,-1,-1
371,2,1209.771914065463,74.422337001274,72.64473388726424,76.36031888614724,1,-1,-1,-1
372,2,1209.7515532600137,74.41507597874238,72.64091623624245,76.39231978441808,1,-1,-1,-1
373,2,1209.7311924545643,74.40781495621076,72.63709858522066,76.42432068268891,1,-1,-1,-1
374,2,1209.7108316491149,74.40055393367913,72.63328093419886,76.45632158095975,1,-1,-1,-1
375,2,1209.6904708436655,74.39329291114751,72.62946328317707,76.48832247923059,1,-1,-1,-1
376,2,1209.670110038216,74.38603188861589,72.62564563215528,76.52032337750143,1,-1,-1,-1
377,2,1209.6497492327667,74.37877086608427,72.62182798113349,76.55232427577226,1,-1,-1,-1
378,2,1209.6293884273173,74.37150984355264,72.6180103301117,76.5843251740431,1,-1,-1,-1
379,2,1209.6090276218679,74.36424882102102,72.61419267908991,76.61632607231394,1,-1,-1,-1
380,2,1209.5886668164185,74.3569877984894,72.61037502806812,76.64832697058478,1,-1,-1,-1
381,2,1209.568306010969,74.34972677595778,72.60655737704633,76.68032786885561,1,-1,-1,-1
382,2,1209.5479452054794,74.34246575342465,72.6027397260275,76.7123287671233,1,-1,-1,-1
