0,3,1506,485,85,87,1,-1,-1,-1
0,2,827,708,132,118,1,-1,-1,-1
0,1,535,256,90,93,1,-1,-1,-1
1,3,1506,485,85,87,1,-1,-1,-1
1,2,827,708,132,118,1,-1,-1,-1
1,1,535,256,90,93,1,-1,-1,-1
2,3,1506,485,85,87,1,-1,-1,-1
2,2,827,708,132,118,1,-1,-1,-1
2,1,535,256,90,93,1,-1,-1,-1
3,3,1506,485,85,86,1,-1,-1,-1
3,2,827,708,132,118,1,-1,-1,-1
3,1,535,256,90,93,1,-1,-1,-1
4,3,1505,484,86,86,1,-1,-1,-1
4,2,827,709,132,117,1,-1,-1,-1
4,1,533,252,92,97,1,-1,-1,-1
5,3,1505,484,86,87,1,-1,-1,-1
5,2,828,709,130,116,1,-1,-1,-1
5,1,533,251,93,99,1,-1,-1,-1
6,3,1506,484,84,88,1,-1,-1,-1
6,2,828,709,130,116,1,-1,-1,-1
6,1,533,252,93,98,1,-1,-1,-1
7,3,1506,484,84,88,1,-1,-1,-1
7,2,828,709,130,116,1,-1,-1,-1
7,1,533,252,93,98,1,-1,-1,-1
8,3,1506,484,84,88,1,-1,-1,-1
8,2,827,709,131,116,1,-1,-1,-1
8,1,533,252,93,97,1,-1,-1,-1
9,3,1505,482,85,93,1,-1,-1,-1
9,2,828,709,130,116,1,-1,-1,-1
9,1,532,238,96,97,1,-1,-1,-1
10,3,1505,482,85,93,1,-1,-1,-1
10,2,828,709,130,116,1,-1,-1,-1
10,1,532,238,96,97,1,-1,-1,-1
11,3,1505,482,85,93,1,-1,-1,-1
11,2,828,709,130,116,1,-1,-1,-1
11,1,532,238,96,97,1,-1,-1,-1
12,3,1505,482,85,93,1,-1,-1,-1
12,2,828,709,130,116,1,-1,-1,-1
12,1,532,238,96,97,1,-1,-1,-1
13,3,1505,482,85,92,1,-1,-1,-1
13,2,828,709,130,116,1,-1,-1,-1
13,1,532,238,96,97,1,-1,-1,-1
14,3,1505,482,85,92,1,-1,-1,-1
14,2,828,709,131,116,1,-1,-1,-1
14,1,532,235,95,96,1,-1,-1,-1
15,3,1505,482,85,93,1,-1,-1,-1
15,2,827,708,132,117,1,-1,-1,-1
15,1,532,235,95,96,1,-1,-1,-1
16,3,1505,482,85,93,1,-1,-1,-1
16,2,827,708,131,117,1,-1,-1,-1
16,1,532,235,95,96,1,-1,-1,-1
17,3,1505,482,85,93,1,-1,-1,-1
17,2,827,708,132,117,1,-1,-1,-1
17,1,532,235,95,96,1,-1,-1,-1
18,3,1504,482,87,94,1,-1,-1,-1
18,2,828,708,131,117,1,-1,-1,-1
18,1,532,235,95,96,1,-1,-1,-1
19,3,1505,482,86,93,1,-1,-1,-1
19,2,828,709,130,115,1,-1,-1,-1
19,1,536,234,92,93,1,-1,-1,-1
20,3,1505,482,86,94,1,-1,-1,-1
20,2,828,709,130,115,1,-1,-1,-1
20,1,536,234,92,94,1,-1,-1,-1
21,3,1505,482,86,93,1,-1,-1,-1
21,2,828,709,130,115,1,-1,-1,-1
21,1,536,234,92,93,1,-1,-1,-1
22,3,1505,482,86,93,1,-1,-1,-1
22,2,829,709,129,115,1,-1,-1,-1
22,1,535,234,93,94,1,-1,-1,-1
23,3,1505,482,86,94,1,-1,-1,-1
23,2,829,709,129,115,1,-1,-1,-1
23,1,535,234,93,94,1,-1,-1,-1
24,3,1505,482,87,95,1,-1,-1,-1
24,2,829,708,131,115,1,-1,-1,-1
24,1,538,231,92,96,1,-1,-1,-1
25,3,1505,482,87,94,1,-1,-1,-1
25,2,829,709,131,114,1,-1,-1,-1
25,1,538,231,92,95,1,-1,-1,-1
26,3,1505,482,87,95,1,-1,-1,-1
26,2,829,709,131,114,1,-1,-1,-1
26,1,538,231,92,95,1,-1,-1,-1
27,3,1505,482,87,94,1,-1,-1,-1
27,2,829,708,131,115,1,-1,-1,-1
27,1,538,231,92,95,1,-1,-1,-1
28,3,1505,482,87,95,1,-1,-1,-1
28,2,829,708,131,115,1,-1,-1,-1
28,1,538,231,92,95,1,-1,-1,-1
29,3,1505,483,87,94,1,-1,-1,-1
29,2,827,708,134,115,1,-1,-1,-1
29,1,540,229,92,96,1,-1,-1,-1
30,3,1505,482,87,93,1,-1,-1,-1
30,2,827,708,133,115,1,-1,-1,-1
30,1,540,229,92,95,1,-1,-1,-1
31,3,1505,482,87,93,1,-1,-1,-1
31,2,827,708,133,115,1,-1,-1,-1
31,1,540,229,92,96,1,-1,-1,-1
32,3,1505,482,87,93,1,-1,-1,-1
32,2,827,708,133,115,1,-1,-1,-1
32,1,540,229,92,96,1,-1,-1,-1
33,3,1505,482,87,93,1,-1,-1,-1
33,2,827,708,133,115,1,-1,-1,-1
33,1,540,229,92,96,1,-1,-1,-1
34,3,1504,483,87,94,1,-1,-1,-1
34,2,827,707,134,116,1,-1,-1,-1
34,1,541,227,98,94,1,-1,-1,-1
35,3,1504,483,87,94,1,-1,-1,-1
35,2,828,707,133,116,1,-1,-1,-1
35,1,541,227,98,94,1,-1,-1,-1
36,3,1504,482,87,95,1,-1,-1,-1
36,2,828,707,133,115,1,-1,-1,-1
36,1,541,227,98,94,1,-1,-1,-1
37,3,1504,483,87,94,1,-1,-1,-1
37,2,828,707,132,115,1,-1,-1,-1
37,1,541,227,98,94,1,-1,-1,-1
38,3,1504,483,87,94,1,-1,-1,-1
38,2,828,707,132,115,1,-1,-1,-1
38,1,541,227,98,94,1,-1,-1,-1
39,3,1504,483,87,95,1,-1,-1,-1
39,2,829,708,129,113,1,-1,-1,-1
39,1,552,224,90,96,1,-1,-1,-1
40,3,1504,483,87,95,1,-1,-1,-1
40,2,828,708,130,113,1,-1,-1,-1
40,1,552,224,90,96,1,-1,-1,-1
41,3,1504,483,87,95,1,-1,-1,-1
41,2,828,708,130,113,1,-1,-1,-1
41,1,552,224,90,96,1,-1,-1,-1
42,3,1503,483,88,95,1,-1,-1,-1
42,2,828,708,130,113,1,-1,-1,-1
42,1,552,224,90,96,1,-1,-1,-1
43,3,1504,483,87,95,1,-1,-1,-1
43,2,828,708,130,113,1,-1,-1,-1
43,1,552,224,90,96,1,-1,-1,-1
44,3,1503,484,88,92,1,-1,-1,-1
44,2,828,708,130,113,1,-1,-1,-1
44,1,562,219,86,90,1,-1,-1,-1
45,3,1503,484,88,93,1,-1,-1,-1
45,2,828,708,130,113,1,-1,-1,-1
45,1,562,219,86,90,1,-1,-1,-1
46,3,1503,484,88,93,1,-1,-1,-1
46,2,828,708,130,113,1,-1,-1,-1
46,1,562,219,86,90,1,-1,-1,-1
47,3,1503,484,87,93,1,-1,-1,-1
47,2,828,708,130,113,1,-1,-1,-1
47,1,562,219,86,90,1,-1,-1,-1
48,3,1503,484,87,93,1,-1,-1,-1
48,2,828,708,130,113,1,-1,-1,-1
48,1,562,219,86,90,1,-1,-1,-1
49,3,1501,483,89,92,1,-1,-1,-1
49,2,827,705,132,117,1,-1,-1,-1
49,1,568,213,86,92,1,-1,-1,-1
50,3,1501,483,88,92,1,-1,-1,-1
50,2,827,705,132,117,1,-1,-1,-1
50,1,568,213,86,92,1,-1,-1,-1
51,3,1501,483,88,92,1,-1,-1,-1
51,2,828,704,131,118,1,-1,-1,-1
51,1,567,214,88,93,1,-1,-1,-1
52,3,1501,483,88,92,1,-1,-1,-1
52,2,827,704,132,118,1,-1,-1,-1
52,1,567,214,88,93,1,-1,-1,-1
53,3,1501,483,88,92,1,-1,-1,-1
53,2,828,704,131,118,1,-1,-1,-1
53,1,567,214,88,93,1,-1,-1,-1
54,3,1500,483,88,94,1,-1,-1,-1
54,2,829,705,132,117,1,-1,-1,-1
54,1,577,210,84,89,1,-1,-1,-1
55,3,1500,482,89,95,1,-1,-1,-1
55,2,829,705,132,118,1,-1,-1,-1
55,1,577,210,84,89,1,-1,-1,-1
56,3,1500,482,89,95,1,-1,-1,-1
56,2,829,705,132,117,1,-1,-1,-1
56,1,577,210,84,90,1,-1,-1,-1
57,3,1500,482,89,95,1,-1,-1,-1
57,2,829,705,132,118,1,-1,-1,-1
57,1,577,210,84,90,1,-1,-1,-1
58,3,1499,482,89,98,1,-1,-1,-1
58,2,830,706,132,116,1,-1,-1,-1
58,1,589,206,80,90,1,-1,-1,-1
59,3,1499,482,89,98,1,-1,-1,-1
59,2,830,706,131,116,1,-1,-1,-1
59,1,589,206,80,89,1,-1,-1,-1
60,3,1499,481,90,99,1,-1,-1,-1
60,2,829,707,132,115,1,-1,-1,-1
60,1,589,206,80,89,1,-1,-1,-1
61,3,1499,481,90,99,1,-1,-1,-1
61,2,830,707,131,115,1,-1,-1,-1
61,1,589,206,80,89,1,-1,-1,-1
62,3,1499,483,88,97,1,-1,-1,-1
62,2,830,707,131,115,1,-1,-1,-1
62,1,589,206,80,89,1,-1,-1,-1
63,3,1498,482,90,99,1,-1,-1,-1
63,2,828,709,131,111,1,-1,-1,-1
63,1,603,202,79,86,1,-1,-1,-1
64,3,1498,482,90,99,1,-1,-1,-1
64,2,828,709,130,111,1,-1,-1,-1
64,1,603,202,79,86,1,-1,-1,-1
65,3,1498,482,90,98,1,-1,-1,-1
65,2,828,709,130,112,1,-1,-1,-1
65,1,603,202,79,86,1,-1,-1,-1
66,3,1498,482,90,98,1,-1,-1,-1
66,2,828,709,130,111,1,-1,-1,-1
66,1,603,202,79,86,1,-1,-1,-1
67,3,1498,482,90,98,1,-1,-1,-1
67,2,828,709,130,111,1,-1,-1,-1
67,1,603,202,79,86,1,-1,-1,-1
68,3,1498,481,86,94,1,-1,-1,-1
68,2,828,708,132,112,1,-1,-1,-1
68,1,629,195,80,87,1,-1,-1,-1
69,3,1498,481,86,95,1,-1,-1,-1
69,2,828,708,132,112,1,-1,-1,-1
69,1,629,195,79,87,1,-1,-1,-1
70,3,1498,481,86,94,1,-1,-1,-1
70,2,828,708,131,112,1,-1,-1,-1
70,1,629,195,80,87,1,-1,-1,-1
71,3,1498,481,86,95,1,-1,-1,-1
71,2,828,708,131,112,1,-1,-1,-1
71,1,629,195,80,87,1,-1,-1,-1
72,3,1498,481,86,95,1,-1,-1,-1
72,2,828,707,131,113,1,-1,-1,-1
72,1,629,195,80,87,1,-1,-1,-1
73,3,1497,478,86,96,1,-1,-1,-1
73,2,828,707,132,113,1,-1,-1,-1
73,1,653,190,79,89,1,-1,-1,-1
74,3,1497,478,86,96,1,-1,-1,-1
74,2,828,707,131,113,1,-1,-1,-1
74,1,653,190,79,89,1,-1,-1,-1
75,3,1497,478,86,96,1,-1,-1,-1
75,2,828,707,131,113,1,-1,-1,-1
75,1,653,190,79,89,1,-1,-1,-1
76,3,1497,478,86,96,1,-1,-1,-1
76,2,829,707,130,113,1,-1,-1,-1
76,1,653,190,79,89,1,-1,-1,-1
77,3,1497,478,86,96,1,-1,-1,-1
77,2,828,707,132,113,1,-1,-1,-1
77,1,653,190,79,89,1,-1,-1,-1
78,3,1496,480,83,96,1,-1,-1,-1
78,2,832,707,130,114,1,-1,-1,-1
78,1,677,189,80,87,1,-1,-1,-1
79,3,1496,480,83,96,1,-1,-1,-1
79,2,832,707,130,114,1,-1,-1,-1
79,1,677,189,80,88,1,-1,-1,-1
80,3,1496,480,83,96,1,-1,-1,-1
80,2,832,707,129,113,1,-1,-1,-1
80,1,677,189,80,87,1,-1,-1,-1
81,3,1496,480,83,96,1,-1,-1,-1
81,2,832,706,130,114,1,-1,-1,-1
81,1,677,189,80,88,1,-1,-1,-1
82,3,1496,479,83,97,1,-1,-1,-1
82,2,832,707,130,114,1,-1,-1,-1
82,1,677,189,80,87,1,-1,-1,-1
83,3,1495,479,83,95,1,-1,-1,-1
83,2,832,706,129,114,1,-1,-1,-1
83,1,707,185,74,87,1,-1,-1,-1
84,3,1495,479,83,95,1,-1,-1,-1
84,2,831,706,130,114,1,-1,-1,-1
84,1,707,185,74,87,1,-1,-1,-1
85,3,1495,479,83,95,1,-1,-1,-1
85,2,832,706,129,114,1,-1,-1,-1
85,1,707,185,74,87,1,-1,-1,-1
86,3,1495,479,83,95,1,-1,-1,-1
86,2,832,706,129,114,1,-1,-1,-1
86,1,707,185,74,87,1,-1,-1,-1
87,3,1495,479,83,95,1,-1,-1,-1
87,2,832,706,129,114,1,-1,-1,-1
87,1,707,185,74,87,1,-1,-1,-1
88,3,1495,478,84,96,1,-1,-1,-1
88,2,831,705,131,116,1,-1,-1,-1
88,1,730,181,75,87,1,-1,-1,-1
89,3,1495,478,84,96,1,-1,-1,-1
89,2,831,704,131,117,1,-1,-1,-1
89,1,731,181,74,87,1,-1,-1,-1
90,3,1495,478,85,96,1,-1,-1,-1
90,2,830,704,132,117,1,-1,-1,-1
90,1,730,181,75,87,1,-1,-1,-1
91,3,1495,478,85,96,1,-1,-1,-1
91,2,830,704,132,116,1,-1,-1,-1
91,1,730,181,75,87,1,-1,-1,-1
92,3,1495,478,85,96,1,-1,-1,-1
92,2,830,703,132,118,1,-1,-1,-1
92,1,730,182,75,86,1,-1,-1,-1
93,3,1495,478,84,96,1,-1,-1,-1
93,2,831,703,131,117,1,-1,-1,-1
93,1,749,183,72,89,1,-1,-1,-1
94,3,1495,478,85,96,1,-1,-1,-1
94,2,831,703,130,117,1,-1,-1,-1
94,1,749,183,72,89,1,-1,-1,-1
95,3,1495,478,85,96,1,-1,-1,-1
95,2,831,703,130,117,1,-1,-1,-1
95,1,749,183,72,89,1,-1,-1,-1
96,3,1495,478,85,96,1,-1,-1,-1
96,2,831,703,130,117,1,-1,-1,-1
96,1,749,183,72,89,1,-1,-1,-1
97,3,1495,478,85,96,1,-1,-1,-1
97,2,831,703,131,117,1,-1,-1,-1
97,1,749,183,72,89,1,-1,-1,-1
98,3,1494,477,86,97,1,-1,-1,-1
98,2,830,703,132,118,1,-1,-1,-1
98,1,761,180,73,87,1,-1,-1,-1
99,3,1494,477,86,97,1,-1,-1,-1
99,2,830,704,132,117,1,-1,-1,-1
99,1,761,180,74,87,1,-1,-1,-1
100,3,1494,477,86,97,1,-1,-1,-1
100,2,830,703,132,118,1,-1,-1,-1
100,1,761,180,73,87,1,-1,-1,-1
101,3,1494,477,85,97,1,-1,-1,-1
101,2,830,703,132,118,1,-1,-1,-1
101,1,761,180,74,87,1,-1,-1,-1
102,3,1494,477,85,97,1,-1,-1,-1
102,2,830,703,133,118,1,-1,-1,-1
102,1,761,180,73,87,1,-1,-1,-1
103,3,1493,478,86,95,1,-1,-1,-1
103,2,831,703,131,117,1,-1,-1,-1
103,1,772,182,74,88,1,-1,-1,-1
104,3,1493,478,86,95,1,-1,-1,-1
104,2,831,704,131,116,1,-1,-1,-1
104,1,775,183,74,89,1,-1,-1,-1
105,3,1493,478,86,95,1,-1,-1,-1
105,2,831,704,130,116,1,-1,-1,-1
105,1,776,183,75,89,1,-1,-1,-1
106,3,1493,478,86,95,1,-1,-1,-1
106,2,831,704,131,116,1,-1,-1,-1
106,1,776,183,75,90,1,-1,-1,-1
107,3,1493,478,86,96,1,-1,-1,-1
107,2,830,704,132,116,1,-1,-1,-1
107,1,776,183,76,90,1,-1,-1,-1
108,3,1492,477,86,96,1,-1,-1,-1
108,2,831,705,130,114,1,-1,-1,-1
108,1,781,186,76,89,1,-1,-1,-1
109,3,1492,477,86,96,1,-1,-1,-1
109,2,831,705,130,115,1,-1,-1,-1
109,1,783,187,76,89,1,-1,-1,-1
110,3,1492,477,86,96,1,-1,-1,-1
110,2,831,705,130,114,1,-1,-1,-1
110,1,784,187,76,90,1,-1,-1,-1
111,3,1492,477,86,96,1,-1,-1,-1
111,2,831,706,129,113,1,-1,-1,-1
111,1,784,188,76,89,1,-1,-1,-1
112,3,1492,477,86,96,1,-1,-1,-1
112,2,831,705,130,114,1,-1,-1,-1
112,1,784,188,76,89,1,-1,-1,-1
113,3,1491,476,88,98,1,-1,-1,-1
113,2,831,706,129,113,1,-1,-1,-1
113,1,789,191,77,89,1,-1,-1,-1
114,3,1491,476,88,98,1,-1,-1,-1
114,2,831,706,129,113,1,-1,-1,-1
114,1,791,193,77,89,1,-1,-1,-1
115,3,1491,476,88,98,1,-1,-1,-1
115,2,831,706,129,113,1,-1,-1,-1
115,1,792,193,77,90,1,-1,-1,-1
116,3,1491,477,88,97,1,-1,-1,-1
116,2,830,705,130,114,1,-1,-1,-1
116,1,792,193,77,90,1,-1,-1,-1
117,3,1491,476,88,99,1,-1,-1,-1
117,2,831,706,130,113,1,-1,-1,-1
117,1,796,199,78,90,1,-1,-1,-1
118,3,1491,476,88,99,1,-1,-1,-1
118,2,831,706,130,113,1,-1,-1,-1
118,1,797,201,78,91,1,-1,-1,-1
119,3,1491,476,88,99,1,-1,-1,-1
119,2,832,706,129,113,1,-1,-1,-1
119,1,797,202,79,91,1,-1,-1,-1
120,3,1492,477,88,98,1,-1,-1,-1
120,2,832,707,129,112,1,-1,-1,-1
120,1,797,202,79,91,1,-1,-1,-1
121,3,1492,477,87,98,1,-1,-1,-1
121,2,832,707,129,112,1,-1,-1,-1
121,1,797,202,79,91,1,-1,-1,-1
122,3,1493,477,88,98,1,-1,-1,-1
122,2,831,705,131,115,1,-1,-1,-1
122,1,801,208,79,91,1,-1,-1,-1
123,3,1492,477,89,98,1,-1,-1,-1
123,2,831,705,131,114,1,-1,-1,-1
123,1,802,211,79,90,1,-1,-1,-1
124,3,1493,477,88,98,1,-1,-1,-1
124,2,831,705,131,114,1,-1,-1,-1
124,1,802,211,79,91,1,-1,-1,-1
125,3,1492,477,89,99,1,-1,-1,-1
125,2,831,705,131,115,1,-1,-1,-1
125,1,803,211,79,91,1,-1,-1,-1
126,3,1493,477,88,98,1,-1,-1,-1
126,2,831,706,131,114,1,-1,-1,-1
126,1,803,211,79,91,1,-1,-1,-1
127,3,1492,478,89,101,1,-1,-1,-1
127,2,830,705,131,115,1,-1,-1,-1
127,1,809,216,81,92,1,-1,-1,-1
128,3,1492,478,89,101,1,-1,-1,-1
128,2,830,705,131,115,1,-1,-1,-1
128,1,812,217,81,94,1,-1,-1,-1
129,3,1493,478,88,101,1,-1,-1,-1
129,2,831,706,130,114,1,-1,-1,-1
129,1,813,217,81,95,1,-1,-1,-1
130,3,1493,479,88,100,1,-1,-1,-1
130,2,831,705,130,115,1,-1,-1,-1
130,1,813,217,81,95,1,-1,-1,-1
131,3,1493,479,88,100,1,-1,-1,-1
131,2,831,705,131,115,1,-1,-1,-1
131,1,812,217,82,96,1,-1,-1,-1
132,3,1494,478,86,99,1,-1,-1,-1
132,2,831,705,130,115,1,-1,-1,-1
132,1,817,219,81,96,1,-1,-1,-1
133,3,1494,478,87,99,1,-1,-1,-1
133,2,830,705,131,115,1,-1,-1,-1
133,1,818,220,82,96,1,-1,-1,-1
134,3,1494,478,87,99,1,-1,-1,-1
134,2,830,705,131,115,1,-1,-1,-1
134,1,819,220,81,97,1,-1,-1,-1
135,3,1494,478,87,99,1,-1,-1,-1
135,2,831,705,130,115,1,-1,-1,-1
135,1,819,220,81,97,1,-1,-1,-1
136,3,1494,478,87,99,1,-1,-1,-1
136,2,830,705,131,115,1,-1,-1,-1
136,1,819,220,81,97,1,-1,-1,-1
137,3,1492,480,94,102,1,-1,-1,-1
137,2,831,705,130,115,1,-1,-1,-1
137,1,827,222,81,97,1,-1,-1,-1
138,3,1492,480,94,102,1,-1,-1,-1
138,2,830,704,131,116,1,-1,-1,-1
138,1,831,223,81,98,1,-1,-1,-1
139,3,1492,480,94,103,1,-1,-1,-1
139,2,830,704,131,116,1,-1,-1,-1
139,1,831,223,81,98,1,-1,-1,-1
140,3,1492,480,94,102,1,-1,-1,-1
140,2,830,704,132,116,1,-1,-1,-1
140,1,831,223,81,98,1,-1,-1,-1
141,3,1493,480,93,102,1,-1,-1,-1
141,2,830,704,131,116,1,-1,-1,-1
141,1,831,223,80,98,1,-1,-1,-1
142,3,1496,483,93,107,1,-1,-1,-1
142,2,831,705,131,115,1,-1,-1,-1
142,1,842,227,92,103,1,-1,-1,-1
143,3,1496,483,93,107,1,-1,-1,-1
143,2,831,705,131,115,1,-1,-1,-1
143,1,842,227,92,103,1,-1,-1,-1
144,3,1496,483,93,107,1,-1,-1,-1
144,2,831,705,131,115,1,-1,-1,-1
144,1,842,227,92,103,1,-1,-1,-1
145,3,1496,483,93,107,1,-1,-1,-1
145,2,831,705,131,115,1,-1,-1,-1
145,1,842,227,91,103,1,-1,-1,-1
146,3,1496,483,93,107,1,-1,-1,-1
146,2,831,705,131,115,1,-1,-1,-1
146,1,842,227,91,103,1,-1,-1,-1
147,3,1498,483,93,98,1,-1,-1,-1
147,2,830,704,129,115,1,-1,-1,-1
147,1,853,234,89,102,1,-1,-1,-1
148,3,1498,483,93,97,1,-1,-1,-1
148,2,830,704,128,115,1,-1,-1,-1
148,1,857,236,89,102,1,-1,-1,-1
149,3,1498,483,93,97,1,-1,-1,-1
149,2,830,704,129,115,1,-1,-1,-1
149,1,858,237,89,102,1,-1,-1,-1
150,3,1498,483,93,99,1,-1,-1,-1
150,2,830,703,128,116,1,-1,-1,-1
150,1,858,237,89,102,1,-1,-1,-1
151,3,1498,483,93,99,1,-1,-1,-1
151,2,830,703,128,116,1,-1,-1,-1
151,1,859,237,87,102,1,-1,-1,-1
152,3,1498,486,92,93,1,-1,-1,-1
152,2,830,704,131,114,1,-1,-1,-1
152,1,877,245,88,105,1,-1,-1,-1
153,3,1498,486,92,93,1,-1,-1,-1
153,2,830,703,130,115,1,-1,-1,-1
153,1,877,245,88,105,1,-1,-1,-1
154,3,1498,486,92,93,1,-1,-1,-1
154,2,830,703,130,115,1,-1,-1,-1
154,1,877,245,88,105,1,-1,-1,-1
155,3,1498,486,92,92,1,-1,-1,-1
155,2,830,704,131,114,1,-1,-1,-1
155,1,877,245,88,105,1,-1,-1,-1
156,3,1498,486,92,93,1,-1,-1,-1
156,2,830,703,131,115,1,-1,-1,-1
156,1,877,245,88,105,1,-1,-1,-1
157,3,1499,486,91,91,1,-1,-1,-1
157,2,829,702,131,117,1,-1,-1,-1
157,1,892,248,88,106,1,-1,-1,-1
158,3,1499,486,92,91,1,-1,-1,-1
158,2,829,703,131,116,1,-1,-1,-1
158,1,896,249,90,107,1,-1,-1,-1
159,3,1499,486,91,92,1,-1,-1,-1
159,2,829,703,131,115,1,-1,-1,-1
159,1,897,248,91,109,1,-1,-1,-1
160,3,1499,486,92,91,1,-1,-1,-1
160,2,829,703,131,115,1,-1,-1,-1
160,1,899,249,90,108,1,-1,-1,-1
161,3,1499,486,92,92,1,-1,-1,-1
161,2,829,703,131,115,1,-1,-1,-1
161,1,899,249,90,108,1,-1,-1,-1
162,3,1500,487,92,91,1,-1,-1,-1
162,2,829,701,130,119,1,-1,-1,-1
162,1,921,254,90,104,1,-1,-1,-1
163,3,1500,487,91,91,1,-1,-1,-1
163,2,829,701,130,119,1,-1,-1,-1
163,1,921,254,90,104,1,-1,-1,-1
164,3,1500,487,92,91,1,-1,-1,-1
164,2,829,701,130,119,1,-1,-1,-1
164,1,921,254,90,104,1,-1,-1,-1
165,3,1500,487,91,91,1,-1,-1,-1
165,2,829,701,130,119,1,-1,-1,-1
165,1,921,255,90,103,1,-1,-1,-1
166,3,1500,487,91,91,1,-1,-1,-1
166,2,829,701,130,119,1,-1,-1,-1
166,1,921,255,90,103,1,-1,-1,-1
167,3,1501,486,94,92,1,-1,-1,-1
167,2,828,702,131,117,1,-1,-1,-1
167,1,947,260,86,106,1,-1,-1,-1
168,3,1501,486,94,92,1,-1,-1,-1
168,2,828,702,131,117,1,-1,-1,-1
168,1,947,260,86,106,1,-1,-1,-1
169,3,1500,486,95,92,1,-1,-1,-1
169,2,828,702,131,117,1,-1,-1,-1
169,1,947,260,86,106,1,-1,-1,-1
170,3,1501,486,93,93,1,-1,-1,-1
170,2,828,702,131,117,1,-1,-1,-1
170,1,947,260,86,106,1,-1,-1,-1
171,3,1501,486,94,92,1,-1,-1,-1
171,2,829,702,130,117,1,-1,-1,-1
171,1,947,260,86,106,1,-1,-1,-1
172,3,1505,487,90,95,1,-1,-1,-1
172,2,831,699,128,120,1,-1,-1,-1
172,1,961,263,88,108,1,-1,-1,-1
173,3,1506,487,89,95,1,-1,-1,-1
173,2,831,699,129,121,1,-1,-1,-1
173,1,966,264,88,110,1,-1,-1,-1
174,3,1506,487,89,95,1,-1,-1,-1
174,2,831,699,129,121,1,-1,-1,-1
174,1,967,264,89,111,1,-1,-1,-1
175,3,1505,487,90,96,1,-1,-1,-1
175,2,831,699,128,121,1,-1,-1,-1
175,1,968,264,88,111,1,-1,-1,-1
176,3,1505,487,90,96,1,-1,-1,-1
176,2,831,699,129,121,1,-1,-1,-1
176,1,968,264,88,111,1,-1,-1,-1
177,3,1505,486,90,89,1,-1,-1,-1
177,2,831,698,130,121,1,-1,-1,-1
177,1,981,274,94,110,1,-1,-1,-1
178,3,1506,486,89,89,1,-1,-1,-1
178,2,831,698,130,122,1,-1,-1,-1
178,1,981,274,94,109,1,-1,-1,-1
179,3,1506,487,89,88,1,-1,-1,-1
179,2,831,698,130,121,1,-1,-1,-1
179,1,981,274,93,109,1,-1,-1,-1
180,3,1506,486,90,89,1,-1,-1,-1
180,2,832,699,130,120,1,-1,-1,-1
180,1,981,273,94,111,1,-1,-1,-1
181,3,1509,488,87,90,1,-1,-1,-1
181,2,831,699,130,120,1,-1,-1,-1
181,1,991,281,93,113,1,-1,-1,-1
182,3,1509,488,87,90,1,-1,-1,-1
182,2,831,699,130,119,1,-1,-1,-1
182,1,995,284,92,114,1,-1,-1,-1
183,3,1509,488,87,90,1,-1,-1,-1
183,2,831,699,130,120,1,-1,-1,-1
183,1,996,284,92,116,1,-1,-1,-1
184,3,1509,488,87,90,1,-1,-1,-1
184,2,830,699,131,119,1,-1,-1,-1
184,1,996,284,92,116,1,-1,-1,-1
185,3,1509,488,87,90,1,-1,-1,-1
185,2,831,699,130,119,1,-1,-1,-1
185,1,996,284,92,117,1,-1,-1,-1
186,3,1511,490,87,95,1,-1,-1,-1
186,2,831,701,131,117,1,-1,-1,-1
186,1,1011,296,91,122,1,-1,-1,-1
187,3,1511,490,87,95,1,-1,-1,-1
187,2,831,701,131,117,1,-1,-1,-1
187,1,1011,296,91,122,1,-1,-1,-1
188,3,1511,490,87,95,1,-1,-1,-1
188,2,831,701,131,117,1,-1,-1,-1
188,1,1011,296,91,123,1,-1,-1,-1
189,3,1511,490,87,95,1,-1,-1,-1
189,2,831,701,131,118,1,-1,-1,-1
189,1,1011,296,91,123,1,-1,-1,-1
190,3,1511,490,87,95,1,-1,-1,-1
190,2,834,702,127,115,1,-1,-1,-1
190,1,1011,296,91,123,1,-1,-1,-1
191,3,1512,488,87,97,1,-1,-1,-1
191,2,831,705,131,115,1,-1,-1,-1
191,1,1016,309,93,118,1,-1,-1,-1
192,3,1512,488,87,97,1,-1,-1,-1
192,2,831,705,131,115,1,-1,-1,-1
192,1,1016,309,93,118,1,-1,-1,-1
193,3,1512,488,87,98,1,-1,-1,-1
193,2,831,705,131,115,1,-1,-1,-1
193,1,1016,309,93,118,1,-1,-1,-1
194,3,1512,488,87,97,1,-1,-1,-1
194,2,831,705,130,115,1,-1,-1,-1
194,1,1016,309,93,118,1,-1,-1,-1
195,3,1512,488,87,97,1,-1,-1,-1
195,2,831,705,130,115,1,-1,-1,-1
195,1,1015,309,94,118,1,-1,-1,-1
196,3,1513,490,87,94,1,-1,-1,-1
196,2,832,707,129,114,1,-1,-1,-1
196,1,1023,317,101,123,1,-1,-1,-1
197,3,1513,491,87,94,1,-1,-1,-1
197,2,832,707,129,115,1,-1,-1,-1
197,1,1023,316,100,124,1,-1,-1,-1
198,3,1513,491,87,93,1,-1,-1,-1
198,2,832,707,129,115,1,-1,-1,-1
198,1,1023,316,100,124,1,-1,-1,-1
199,3,1513,491,87,94,1,-1,-1,-1
199,2,832,707,129,115,1,-1,-1,-1
199,1,1023,316,100,124,1,-1,-1,-1
200,3,1513,491,87,93,1,-1,-1,-1
200,2,832,707,129,114,1,-1,-1,-1
200,1,1023,316,100,124,1,-1,-1,-1
201,3,1514,491,86,97,1,-1,-1,-1
201,2,832,707,130,114,1,-1,-1,-1
201,1,1038,330,102,124,1,-1,-1,-1
202,3,1514,491,86,97,1,-1,-1,-1
202,2,832,707,130,114,1,-1,-1,-1
202,1,1038,330,102,124,1,-1,-1,-1
203,3,1514,491,86,96,1,-1,-1,-1
203,2,832,707,130,114,1,-1,-1,-1
203,1,1038,330,102,124,1,-1,-1,-1
204,3,1514,491,86,97,1,-1,-1,-1
204,2,832,708,130,113,1,-1,-1,-1
204,1,1038,330,102,124,1,-1,-1,-1
205,3,1514,491,86,97,1,-1,-1,-1
205,2,832,708,130,113,1,-1,-1,-1
205,1,1038,330,102,124,1,-1,-1,-1
206,3,1515,491,85,94,1,-1,-1,-1
206,2,831,706,129,114,1,-1,-1,-1
206,1,1045,337,113,125,1,-1,-1,-1
207,3,1515,491,85,94,1,-1,-1,-1
207,2,831,706,129,114,1,-1,-1,-1
207,1,1045,337,114,126,1,-1,-1,-1
208,3,1515,491,85,94,1,-1,-1,-1
208,2,831,707,129,113,1,-1,-1,-1
208,1,1045,337,113,125,1,-1,-1,-1
209,3,1515,491,85,94,1,-1,-1,-1
209,2,831,707,128,112,1,-1,-1,-1
209,1,1046,337,112,125,1,-1,-1,-1
210,3,1515,491,85,96,1,-1,-1,-1
210,2,830,706,130,115,1,-1,-1,-1
210,1,1046,337,113,126,1,-1,-1,-1
211,3,1515,491,85,95,1,-1,-1,-1
211,2,830,709,126,112,1,-1,-1,-1
211,1,1050,343,123,131,1,-1,-1,-1
212,3,1515,491,85,95,1,-1,-1,-1
212,2,830,709,127,113,1,-1,-1,-1
212,1,1050,343,123,131,1,-1,-1,-1
213,3,1515,491,85,95,1,-1,-1,-1
213,2,830,709,127,112,1,-1,-1,-1
213,1,1050,343,123,131,1,-1,-1,-1
214,3,1515,491,85,94,1,-1,-1,-1
214,2,830,709,126,112,1,-1,-1,-1
214,1,1050,342,123,132,1,-1,-1,-1
215,3,1515,491,85,94,1,-1,-1,-1
215,2,829,709,128,112,1,-1,-1,-1
215,1,1050,342,123,131,1,-1,-1,-1
216,3,1516,492,84,97,1,-1,-1,-1
216,2,828,708,129,114,1,-1,-1,-1
216,1,1086,362,106,124,1,-1,-1,-1
217,3,1516,492,84,97,1,-1,-1,-1
217,2,828,707,129,114,1,-1,-1,-1
217,1,1086,362,106,124,1,-1,-1,-1
218,3,1516,492,84,97,1,-1,-1,-1
218,2,829,707,128,114,1,-1,-1,-1
218,1,1086,362,106,124,1,-1,-1,-1
219,3,1516,492,84,96,1,-1,-1,-1
219,2,828,707,129,114,1,-1,-1,-1
219,1,1086,361,105,124,1,-1,-1,-1
220,3,1516,492,84,97,1,-1,-1,-1
220,2,829,707,128,114,1,-1,-1,-1
220,1,1086,362,106,124,1,-1,-1,-1
221,3,1514,489,84,97,1,-1,-1,-1
221,2,828,708,128,112,1,-1,-1,-1
221,1,1110,377,102,121,1,-1,-1,-1
222,3,1514,489,84,97,1,-1,-1,-1
222,2,828,707,128,113,1,-1,-1,-1
222,1,1110,377,102,120,1,-1,-1,-1
223,3,1514,489,84,97,1,-1,-1,-1
223,2,828,707,129,113,1,-1,-1,-1
223,1,1110,377,102,120,1,-1,-1,-1
224,3,1514,489,84,98,1,-1,-1,-1
224,2,828,707,129,113,1,-1,-1,-1
224,1,1110,377,102,120,1,-1,-1,-1
225,3,1514,489,84,98,1,-1,-1,-1
225,2,828,707,128,113,1,-1,-1,-1
225,1,1110,377,102,120,1,-1,-1,-1
226,3,1511,488,88,103,1,-1,-1,-1
226,2,828,708,129,113,1,-1,-1,-1
226,1,1131,382,104,128,1,-1,-1,-1
227,3,1511,488,88,103,1,-1,-1,-1
227,2,828,707,130,115,1,-1,-1,-1
227,1,1131,382,104,128,1,-1,-1,-1
228,3,1511,488,88,103,1,-1,-1,-1
228,2,828,707,129,114,1,-1,-1,-1
228,1,1131,382,104,128,1,-1,-1,-1
229,3,1511,488,88,103,1,-1,-1,-1
229,2,828,707,129,114,1,-1,-1,-1
229,1,1131,382,104,128,1,-1,-1,-1
230,3,1511,488,88,103,1,-1,-1,-1
230,2,828,708,129,113,1,-1,-1,-1
230,1,1131,382,104,128,1,-1,-1,-1
231,3,1510,487,89,102,1,-1,-1,-1
231,2,823,707,136,120,1,-1,-1,-1
231,1,1155,393,101,135,1,-1,-1,-1
232,3,1511,487,88,100,1,-1,-1,-1
232,2,823,707,135,120,1,-1,-1,-1
232,1,1155,393,101,135,1,-1,-1,-1
233,3,1510,487,89,101,1,-1,-1,-1
233,2,823,706,136,121,1,-1,-1,-1
233,1,1155,393,101,135,1,-1,-1,-1
234,3,1511,488,88,99,1,-1,-1,-1
234,2,824,707,134,120,1,-1,-1,-1
234,1,1155,393,101,135,1,-1,-1,-1
235,3,1511,488,88,99,1,-1,-1,-1
235,2,823,707,136,120,1,-1,-1,-1
235,1,1155,393,101,135,1,-1,-1,-1
236,3,1509,487,89,103,1,-1,-1,-1
236,2,817,707,138,123,1,-1,-1,-1
236,1,1171,407,108,134,1,-1,-1,-1
237,3,1509,487,89,103,1,-1,-1,-1
237,2,818,707,137,123,1,-1,-1,-1
237,1,1171,407,108,134,1,-1,-1,-1
238,3,1509,487,89,103,1,-1,-1,-1
238,2,817,707,138,123,1,-1,-1,-1
238,1,1171,407,108,134,1,-1,-1,-1
239,3,1508,487,90,104,1,-1,-1,-1
239,2,817,707,138,123,1,-1,-1,-1
239,1,1171,407,108,133,1,-1,-1,-1
240,3,1507,487,91,105,1,-1,-1,-1
240,2,804,710,145,124,1,-1,-1,-1
240,1,1182,419,112,132,1,-1,-1,-1
241,3,1507,487,91,105,1,-1,-1,-1
241,2,805,710,144,124,1,-1,-1,-1
241,1,1181,419,113,132,1,-1,-1,-1
242,3,1507,487,91,106,1,-1,-1,-1
242,2,805,710,144,124,1,-1,-1,-1
242,1,1181,419,113,132,1,-1,-1,-1
243,3,1507,487,90,105,1,-1,-1,-1
243,2,804,710,145,124,1,-1,-1,-1
243,1,1182,419,112,132,1,-1,-1,-1
244,3,1508,487,89,105,1,-1,-1,-1
244,2,805,710,144,124,1,-1,-1,-1
244,1,1181,419,113,132,1,-1,-1,-1
245,3,1508,486,88,99,1,-1,-1,-1
245,2,805,718,140,116,1,-1,-1,-1
245,1,1207,448,110,131,1,-1,-1,-1
246,3,1508,486,88,99,1,-1,-1,-1
246,2,805,718,140,116,1,-1,-1,-1
246,1,1207,448,110,131,1,-1,-1,-1
247,3,1508,486,88,98,1,-1,-1,-1
247,2,805,718,140,116,1,-1,-1,-1
247,1,1207,448,110,131,1,-1,-1,-1
248,3,1508,486,88,99,1,-1,-1,-1
248,2,805,718,140,116,1,-1,-1,-1
248,1,1207,448,110,131,1,-1,-1,-1
249,3,1508,486,88,97,1,-1,-1,-1
249,2,805,718,139,116,1,-1,-1,-1
249,1,1206,448,111,131,1,-1,-1,-1
250,3,1507,484,88,99,1,-1,-1,-1
250,2,805,718,138,117,1,-1,-1,-1
250,1,1217,463,114,144,1,-1,-1,-1
251,3,1507,485,88,98,1,-1,-1,-1
251,2,805,718,138,117,1,-1,-1,-1
251,1,1217,463,113,143,1,-1,-1,-1
252,3,1507,485,88,98,1,-1,-1,-1
252,2,805,718,138,117,1,-1,-1,-1
252,1,1217,463,114,144,1,-1,-1,-1
253,3,1507,484,88,98,1,-1,-1,-1
253,2,804,718,139,117,1,-1,-1,-1
253,1,1217,462,114,144,1,-1,-1,-1
254,3,1507,485,88,98,1,-1,-1,-1
254,2,805,718,138,117,1,-1,-1,-1
254,1,1217,463,113,144,1,-1,-1,-1
255,3,1506,485,89,95,1,-1,-1,-1
255,2,803,718,139,117,1,-1,-1,-1
255,1,1227,470,114,149,1,-1,-1,-1
256,3,1506,485,88,97,1,-1,-1,-1
256,2,803.0,716.0,140.0,122.0,1,-1,-1,-1
256,1,1227,471,114,148,1,-1,-1,-1
257,3,1506,485,88,96,1,-1,-1,-1
257,2,803,714,141,127,1,-1,-1,-1
257,1,1227,470,114,149,1,-1,-1,-1
258,3,1506,485,89,96,1,-1,-1,-1
258,2,803,714,141,127,1,-1,-1,-1
258,1,1227,470,114,149,1,-1,-1,-1
259,3,1506,485,89,96,1,-1,-1,-1
259,2,803,714,141,127,1,-1,-1,-1
259,1,1227,470,114,149,1,-1,-1,-1
260,3,1504,485,90,97,1,-1,-1,-1
260,2,803,716,140,124,1,-1,-1,-1
260,1,1233,495,116,143,1,-1,-1,-1
261,3,1504,485,90,97,1,-1,-1,-1
261,2,803,716,140,125,1,-1,-1,-1
261,1,1234,494,115,144,1,-1,-1,-1
262,3,1504,484,90,98,1,-1,-1,-1
262,2,803,716,140,124,1,-1,-1,-1
262,1,1233,494,116,144,1,-1,-1,-1
263,3,1504,485,90,97,1,-1,-1,-1
263,2,803,716,140,124,1,-1,-1,-1
263,1,1233,494,116,144,1,-1,-1,-1
264,3,1505,485,89,97,1,-1,-1,-1
264,2,803,716,140,124,1,-1,-1,-1
264,1,1234,494,115,144,1,-1,-1,-1
265,3,1505,485,88,99,1,-1,-1,-1
265,2,802,715,141,125,1,-1,-1,-1
265,1,1241,509,126,152,1,-1,-1,-1
266,3,1505,485,88,99,1,-1,-1,-1
266,2,803,717,138,127,1,-1,-1,-1
266,1,1240,509,127,152,1,-1,-1,-1
267,3,1505,485,88,99,1,-1,-1,-1
267,2,803,717,138,127,1,-1,-1,-1
267,1,1241,509,126,152,1,-1,-1,-1
268,3,1505,485,88,98,1,-1,-1,-1
268,2,803,717,138,127,1,-1,-1,-1
268,1,1240,510,126,149,1,-1,-1,-1
269,3,1505,485,88,100,1,-1,-1,-1
269,2,803,717,139,127,1,-1,-1,-1
269,1,1240,510,126,149,1,-1,-1,-1
270,3,1504,486,89,97,1,-1,-1,-1
270,2,802,717,138,127,1,-1,-1,-1
270,1,1251,526,129,150,1,-1,-1,-1
271,3,1504,486,89,97,1,-1,-1,-1
271,2,803,719,137,122,1,-1,-1,-1
271,1,1251,526,128,151,1,-1,-1,-1
272,3,1504,486,89,97,1,-1,-1,-1
272,2,803,719,137,122,1,-1,-1,-1
272,1,1251,526,128,151,1,-1,-1,-1
273,3,1504,485,89,98,1,-1,-1,-1
273,2,803,719,137,122,1,-1,-1,-1
273,1,1252,526,127,151,1,-1,-1,-1
274,3,1504,485,89,98,1,-1,-1,-1
274,2,803,719,137,123,1,-1,-1,-1
274,1,1252,526,127,150,1,-1,-1,-1
275,3,1502,484,90,97,1,-1,-1,-1
275,2,802,720,135,122,1,-1,-1,-1
275,1,1265,546,128,146,1,-1,-1,-1
276,3,1502,484,90,97,1,-1,-1,-1
276,2,802,720,135,122,1,-1,-1,-1
276,1,1265,546,128,146,1,-1,-1,-1
277,3,1502,484,90,96,1,-1,-1,-1
277,2,802,720,135,122,1,-1,-1,-1
277,1,1265,546,128,147,1,-1,-1,-1
278,3,1502,484,90,97,1,-1,-1,-1
278,2,802,720,135,123,1,-1,-1,-1
278,1,1265,546,128,147,1,-1,-1,-1
279,3,1502,484,90,96,1,-1,-1,-1
279,2,802,720,135,122,1,-1,-1,-1
279,1,1265,546,128,147,1,-1,-1,-1
280,3,1502,483,90,96,1,-1,-1,-1
280,2,802,720,134,123,1,-1,-1,-1
280,1,1279,570,127,151,1,-1,-1,-1
281,3,1503,482,90,97,1,-1,-1,-1
281,2,802,720,134,122,1,-1,-1,-1
281,1,1279,571,127,148,1,-1,-1,-1
282,3,1503,482,90,97,1,-1,-1,-1
282,2,802,720,135,122,1,-1,-1,-1
282,1,1279,571,127,149,1,-1,-1,-1
283,3,1503,482,90,97,1,-1,-1,-1
283,2,802,720,134,122,1,-1,-1,-1
283,1,1279,571,127,148,1,-1,-1,-1
284,3,1503,482,90,97,1,-1,-1,-1
284,2,803,720,133,122,1,-1,-1,-1
284,1,1279,571,127,149,1,-1,-1,-1
285,3,1501,483,90,97,1,-1,-1,-1
285,2,802,720,133,121,1,-1,-1,-1
285,1,1296,594,134,155,1,-1,-1,-1
286,3,1501,483,90,97,1,-1,-1,-1
286,2,802.0,720.0,133.33333333333337,121.33333333333337,1,-1,-1,-1
286,1,1296,594,134,155,1,-1,-1,-1
287,3,1502,484,88,96,1,-1,-1,-1
287,2,802.0,720.0,133.66666666666674,121.66666666666674,1,-1,-1,-1
287,1,1296,594,134,156,1,-1,-1,-1
288,3,1502,484,88,96,1,-1,-1,-1
288,2,802,720,134,122,1,-1,-1,-1
288,1,1296,594,134,155,1,-1,-1,-1
289,3,1502,484,88,96,1,-1,-1,-1
289,2,802,720,135,122,1,-1,-1,-1
289,1,1295,594,135,156,1,-1,-1,-1
290,3,1504,482,85,99,1,-1,-1,-1
290,2,802,720,135,123,1,-1,-1,-1
290,1,1312,614,138,143,1,-1,-1,-1
291,3,1504,482,86,99,1,-1,-1,-1
291,2,802,720,135,124,1,-1,-1,-1
291,1,1312,614,138,144,1,-1,-1,-1
292,3,1504,482,86,99,1,-1,-1,-1
292,2,802,720,135,123,1,-1,-1,-1
292,1,1312,614,138,143,1,-1,-1,-1
293,3,1504,482,86,99,1,-1,-1,-1
293,2,802,720,135,123,1,-1,-1,-1
293,1,1312,614,138,143,1,-1,-1,-1
294,3,1504,482,85,99,1,-1,-1,-1
294,2,802,720,135,124,1,-1,-1,-1
294,1,1312,614,138,143,1,-1,-1,-1
295,3,1504,481,85,99,1,-1,-1,-1
295,2,802,720,135,123,1,-1,-1,-1
295,1,1331,630,136,161,1,-1,-1,-1
296,3,1504,481,85,98,1,-1,-1,-1
296,2,802,720,135,123,1,-1,-1,-1
296,1,1331,630,137,160,1,-1,-1,-1
297,3,1505,481,84,99,1,-1,-1,-1
297,2,802,720,135,123,1,-1,-1,-1
297,1,1331,630,137,160,1,-1,-1,-1
298,3,1505,481,84,99,1,-1,-1,-1
298,2,802,720,135,123,1,-1,-1,-1
298,1,1331,630,137,159,1,-1,-1,-1
299,3,1505,481,84,100,1,-1,-1,-1
299,2,802,720,135,123,1,-1,-1,-1
299,1,1331,630,136,160,1,-1,-1,-1
300,3,1504,481,85,100,1,-1,-1,-1
300,2,802,719,136,124,1,-1,-1,-1
300,1,1345,651,138,157,1,-1,-1,-1
301,3,1504,480,85,101,1,-1,-1,-1
301,2,802,719,136,124,1,-1,-1,-1
301,1,1345,651,138,157,1,-1,-1,-1
302,3,1504,480,85,101,1,-1,-1,-1
302,2,802,719,136,124,1,-1,-1,-1
302,1,1345,651,138,157,1,-1,-1,-1
303,3,1504,480,85,101,1,-1,-1,-1
303,2,802,719,136,125,1,-1,-1,-1
303,1,1345,652,138,156,1,-1,-1,-1
304,3,1505,480,85,102,1,-1,-1,-1
304,2,802,718,136,126,1,-1,-1,-1
304,1,1345,703,148,149,1,-1,-1,-1
305,3,1505,480,85,102,1,-1,-1,-1
305,2,802,718,137,126,1,-1,-1,-1
305,1,1344,703,146,149,1,-1,-1,-1
306,3,1505,480,85,102,1,-1,-1,-1
306,2,802,718,136,126,1,-1,-1,-1
306,1,1343,702,148,150,1,-1,-1,-1
307,2,807,720,128,123,1,-1,-1,-1
307,3,1505,480,85,102,1,-1,-1,-1
307,1,1344,702,147,150,1,-1,-1,-1
308,2,807,720,128,123,1,-1,-1,-1
308,3,1505,480,85,102,1,-1,-1,-1
308,1,1344,703,147,149,1,-1,-1,-1
309,2,807,719,127,124,1,-1,-1,-1
309,3,1505,480,85,104,1,-1,-1,-1
309,1,1341,723,141,139,1,-1,-1,-1
310,3,1505,480,85,104,1,-1,-1,-1
310,2,801,717,137,130,1,-1,-1,-1
310,1,1341,723,141,139,1,-1,-1,-1
311,3,1505,480,85,104,1,-1,-1,-1
311,2,801,717,137,130,1,-1,-1,-1
311,1,1341,722,141,140,1,-1,-1,-1
312,3,1505,480,85,104,1,-1,-1,-1
312,2,801,717,137,130,1,-1,-1,-1
312,1,1341,722,141,140,1,-1,-1,-1
313,3,1505,480,85,104,1,-1,-1,-1
313,2,801,717,137,130,1,-1,-1,-1
313,1,1341,722,142,139,1,-1,-1,-1
314,3,1505,482,85,102,1,-1,-1,-1
314,2,802,716,136,129,1,-1,-1,-1
314,1,1334,735,147,147,1,-1,-1,-1
315,3,1505,482,85,102,1,-1,-1,-1
315,2,802,716,136,129,1,-1,-1,-1
315,1,1334,735,146,147,1,-1,-1,-1
316,3,1505,482,85,102,1,-1,-1,-1
316,2,802,716,136,129,1,-1,-1,-1
316,1,1334,735,146,147,1,-1,-1,-1
317,3,1505,482,85,102,1,-1,-1,-1
317,2,801,715,137,130,1,-1,-1,-1
317,1,1334,735,146,147,1,-1,-1,-1
318,2,807,718,127,126,1,-1,-1,-1
318,3,1505,482,85,102,1,-1,-1,-1
318,1,1334,735,146,147,1,-1,-1,-1
319,2,809,717,126,124,1,-1,-1,-1
319,3,1505,481,84,103,1,-1,-1,-1
319,1,1313,763,147,142,1,-1,-1,-1
320,2,810,717,125,123,1,-1,-1,-1
320,3,1505,482,84,102,1,-1,-1,-1
320,1,1312,765,146,140,1,-1,-1,-1
321,2,809,717,126,124,1,-1,-1,-1
321,3,1505,481,84,103,1,-1,-1,-1
321,1,1313,764,146,141,1,-1,-1,-1
322,2,810,717,125,123,1,-1,-1,-1
322,3,1505,481,85,103,1,-1,-1,-1
322,1,1312,765,146,140,1,-1,-1,-1
323,2,810,717,125,123,1,-1,-1,-1
323,3,1505,481,85,103,1,-1,-1,-1
323,1,1313,764,146,141,1,-1,-1,-1
324,2,808,711,133,134,1,-1,-1,-1
324,3,1505,481,85,102,1,-1,-1,-1
324,1,1297,766,160,155,1,-1,-1,-1
325,2,808,711,133,133,1,-1,-1,-1
325,3,1505,481,85,101,1,-1,-1,-1
325,1,1297,766,159,155,1,-1,-1,-1
326,2,808,711,133,133,1,-1,-1,-1
326,3,1505,481,85,101,1,-1,-1,-1
326,1,1297,766,159,155,1,-1,-1,-1
327,2,808,711,133,134,1,-1,-1,-1
327,3,1504,481,85,101,1,-1,-1,-1
327,1,1297,766,159,155,1,-1,-1,-1
328,2,808,711,133,133,1,-1,-1,-1
328,3,1504,481,86,101,1,-1,-1,-1
328,1,1297,766,160,155,1,-1,-1,-1
329,2,808,711,133,132,1,-1,-1,-1
329,3,1505,481,85,101,1,-1,-1,-1
329,1,1278,771,164,159,1,-1,-1,-1
330,3,1506,481,84,100,1,-1,-1,-1
330,2,799,707,141,120,1,-1,-1,-1
330,1,1275,767,170,164,1,-1,-1,-1
331,3,1506,481,84,100,1,-1,-1,-1
331,2,799,707,140,120,1,-1,-1,-1
331,1,1274,767,170,164,1,-1,-1,-1
332,3,1506,481,85,101,1,-1,-1,-1
332,2,799,707,140,120,1,-1,-1,-1
332,1,1274,767,170,164,1,-1,-1,-1
333,3,1506,481,85,101,1,-1,-1,-1
333,2,799,707,140,120,1,-1,-1,-1
333,1,1274,767,170,164,1,-1,-1,-1
334,3,1506,480,84,100,1,-1,-1,-1
334,2,799,706,141,122,1,-1,-1,-1
334,1,1256,776,174,168,1,-1,-1,-1
335,3,1506,481,84,99,1,-1,-1,-1
335,2,799,705,141,124,1,-1,-1,-1
335,1,1256,775,174,168,1,-1,-1,-1
336,3,1506,481,84,100,1,-1,-1,-1
336,2,799,705,143,128,1,-1,-1,-1
336,1,1256,776,174,167,1,-1,-1,-1
337,3,1506,481,84,100,1,-1,-1,-1
337,2,799,705,142,126,1,-1,-1,-1
337,1,1256,775,174,168,1,-1,-1,-1
338,3,1506,481,84,100,1,-1,-1,-1
338,2,799,705,143,128,1,-1,-1,-1
338,1,1255,776,175,168,1,-1,-1,-1
339,3,1506,482,81,100,1,-1,-1,-1
339,2,804,697,139,132,1,-1,-1,-1
339,1,1230,788,180,172,1,-1,-1,-1
340,3,1506,482,82,100,1,-1,-1,-1
340,2,803,696,140,133,1,-1,-1,-1
340,1,1230,788,180,172,1,-1,-1,-1
341,3,1506,482,81,99,1,-1,-1,-1
341,2,803,695,140,134,1,-1,-1,-1
341,1,1230,788,180,172,1,-1,-1,-1
342,3,1506,482,82,100,1,-1,-1,-1
342,2,803,695,140,134,1,-1,-1,-1
342,1,1230,789,179,171,1,-1,-1,-1
343,3,1506,482,81,100,1,-1,-1,-1
343,2,803,695,140,134,1,-1,-1,-1
343,1,1230,788,179,172,1,-1,-1,-1
344,3,1507,481,80,97,1,-1,-1,-1
344,2,802,694,141,133,1,-1,-1,-1
344,1,1224,802,172,166,1,-1,-1,-1
345,3,1506,481,81,97,1,-1,-1,-1
345,2,803.3333333333334,693.3333333333334,140.25,133.75,1,-1,-1,-1
345,1,1224,801,172,167,1,-1,-1,-1
346,3,1507,482,80,96,1,-1,-1,-1
346,2,804.6666666666667,692.6666666666667,139.5,134.5,1,-1,-1,-1
346,1,1224,801,172,167,1,-1,-1,-1
347,3,1507,482,80,96,1,-1,-1,-1
347,2,806.0000000000001,692.0000000000001,138.75,135.25,1,-1,-1,-1
347,1,1224,801,172,167,1,-1,-1,-1
348,3,1507,482,80,96,1,-1,-1,-1
348,2,807.3333333333335,691.3333333333335,138.0,136.0,1,-1,-1,-1
348,1,1224,801,172,167,1,-1,-1,-1
349,3,1506,480,82,97,1,-1,-1,-1
349,2,808.6666666666669,690.6666666666669,137.25,136.75,1,-1,-1,-1
349,1,1218,803,175,169,1,-1,-1,-1
350,3,1506,480,82,97,1,-1,-1,-1
350,2,810.0000000000002,690.0000000000002,136.5,137.5,1,-1,-1,-1
350,1,1209.0,809.5,178.0,169.0,1,-1,-1,-1
351,3,1506,481,84,96,1,-1,-1,-1
351,2,811.3333333333336,689.3333333333336,135.75,138.25,1,-1,-1,-1
351,1,1200,816,181,169,1,-1,-1,-1
352,3,1506,481,84,96,1,-1,-1,-1
352,2,812.666666666667,688.666666666667,135.0,139.0,1,-1,-1,-1
352,1,1200,816,181,169,1,-1,-1,-1
353,3,1506,481,84,96,1,-1,-1,-1
353,2,814.0000000000003,688.0000000000003,134.25,139.75,1,-1,-1,-1
353,1,1200,816,181,169,1,-1,-1,-1
354,3,1507,480,84,92,1,-1,-1,-1
354,2,815.3333333333337,687.3333333333337,133.5,140.5,1,-1,-1,-1
354,1,1195,829,182,169,1,-1,-1,-1
355,3,1506,480,85,92,1,-1,-1,-1
355,2,816.6666666666671,686.6666666666671,132.75,141.25,1,-1,-1,-1
355,1,1195,829,182,169,1,-1,-1,-1
356,3,1506,480,85,92,1,-1,-1,-1
356,2,818,686,132,142,1,-1,-1,-1
356,1,1195,828,182,170,1,-1,-1,-1
357,3,1506,478,84,94,1,-1,-1,-1
357,2,818,686,132,142,1,-1,-1,-1
357,1,1193,832,180,168,1,-1,-1,-1
358,3,1506,479,84,93,1,-1,-1,-1
358,2,818,686,132,142,1,-1,-1,-1
358,1,1188.5,838.0,184.5,170.0,1,-1,-1,-1
359,3,1507,480,84,92,1,-1,-1,-1
359,2,825,685,128,138,1,-1,-1,-1
359,1,1184,844,189,172,1,-1,-1,-1
360,3,1507,481,84,92,1,-1,-1,-1
360,2,824,686,127,135,1,-1,-1,-1
360,1,1184,843,190,174,1,-1,-1,-1
361,3,1508,482,84,91,1,-1,-1,-1
361,2,824,686,127,135,1,-1,-1,-1
361,1,1196,847,173,173,1,-1,-1,-1
362,3,1508,482,84,91,1,-1,-1,-1
362,2,824,686,127,135,1,-1,-1,-1
362,1,1196,847,173,173,1,-1,-1,-1
363,3,1508,483,83,91,1,-1,-1,-1
363,2,828,680,127,142,1,-1,-1,-1
363,1,1199,877,156,166,1,-1,-1,-1
364,3,1508,483,83,91,1,-1,-1,-1
364,2,828,680,127,142,1,-1,-1,-1
364,1,1200,877,156,166,1,-1,-1,-1
365,3,1507,483,84,91,1,-1,-1,-1
365,2,828,680,127,142,1,-1,-1,-1
365,1,1199,877,157,166,1,-1,-1,-1
366,3,1507,483,84,91,1,-1,-1,-1
366,2,828,680,127,143,1,-1,-1,-1
366,1,1199,877,157,166,1,-1,-1,-1
367,3,1507,483,84,92,1,-1,-1,-1
367,2,828,680,127,142,1,-1,-1,-1
367,1,1199,877,157,166,1,-1,-1,-1
368,3,1508,483,84,92,1,-1,-1,-1
368,2,827,675,131,149,1,-1,-1,-1
368,1,1145,906,210,169,1,-1,-1,-1
369,3,1508,483,84,93,1,-1,-1,-1
369,2,828,675,130,150,1,-1,-1,-1
369,1,1150,906,201,168,1,-1,-1,-1
370,3,1508,483,84,93,1,-1,-1,-1
370,2,828,675,129,150,1,-1,-1,-1
370,1,1146,906,207,169,1,-1,-1,-1
371,3,1508,483,84,92,1,-1,-1,-1
371,2,828,675,130,150,1,-1,-1,-1
371,1,1149,907,202,167,1,-1,-1,-1
372,3,1508,483,84,93,1,-1,-1,-1
372,2,827,675,130,150,1,-1,-1,-1
372,1,1150,906,202,168,1,-1,-1,-1
373,3,1508,482,83,95,1,-1,-1,-1
373,2,827,675,128,144,1,-1,-1,-1
373,1,1149,912,195,168,1,-1,-1,-1
374,3,1508,482,83,95,1,-1,-1,-1
374,2,828,675,128,144,1,-1,-1,-1
375,3,1508,482,83,95,1,-1,-1,-1
375,2,827,675,129,145,1,-1,-1,-1
376,3,1508,482,84,95,1,-1,-1,-1
376,2,828,675,128,145,1,-1,-1,-1
377,3,1508,482,83,94,1,-1,-1,-1
377,2,828,675,128,144,1,-1,-1,-1
378,3,1509,482,83,93,1,-1,-1,-1
378,2,831,677,124,137,1,-1,-1,-1
379,3,1509,482,83,93,1,-1,-1,-1
379,2,831,677,124,137,1,-1,-1,-1
380,3,1509,482,83,93,1,-1,-1,-1
380,2,831,677,123,137,1,-1,-1,-1
381,3,1509,482,83,93,1,-1,-1,-1
381,2,831,677,124,137,1,-1,-1,-1
382,3,1509,482,83,93,1,-1,-1,-1
382,2,830,677,125,137,1,-1,-1,-1
383,3,1509,482,84,92,1,-1,-1,-1
383,2,832,677,123,140,1,-1,-1,-1
384,3,1509,482,84,92,1,-1,-1,-1
384,2,832,677,123,140,1,-1,-1,-1
385,3,1509,482,84,92,1,-1,-1,-1
385,2,832,677,123,140,1,-1,-1,-1
386,3,1509,482,84,92,1,-1,-1,-1
386,2,832,677,123,140,1,-1,-1,-1
387,3,1509,482,83,92,1,-1,-1,-1
387,2,832,677,123,140,1,-1,-1,-1
388,3,1508,482,84,93,1,-1,-1,-1
388,2,833,677,122,138,1,-1,-1,-1
389,3,1508,482,84,92,1,-1,-1,-1
389,2,832,677,123,138,1,-1,-1,-1
390,3,1508,483,84,92,1,-1,-1,-1
390,2,833,676,124,139,1,-1,-1,-1
391,3,1508,483,84,92,1,-1,-1,-1
391,2,833,676,124,139,1,-1,-1,-1
392,3,1508,483,84,92,1,-1,-1,-1
392,2,833,676,124,139,1,-1,-1,-1
393,3,1507,483,84,93,1,-1,-1,-1
393,2,832,675,125,142,1,-1,-1,-1
394,3,1507,483,84,94,1,-1,-1,-1
394,2,833,676,124,140,1,-1,-1,-1
395,3,1507,483,84,93,1,-1,-1,-1
395,2,833,676,123,140,1,-1,-1,-1
396,3,1507,483,84,93,1,-1,-1,-1
396,2,833,676,123,140,1,-1,-1,-1
397,3,1507,483,84,93,1,-1,-1,-1
397,2,833,676,124,140,1,-1,-1,-1
398,3,1507,483,85,94,1,-1,-1,-1
398,2,832,675,125,142,1,-1,-1,-1
399,3,1507,483,84,94,1,-1,-1,-1
399,2,832,675,126,141,1,-1,-1,-1
400,3,1507,483,85,94,1,-1,-1,-1
400,2,832,675,126,142,1,-1,-1,-1
401,3,1507,483,84,94,1,-1,-1,-1
401,2,832,675,126,141,1,-1,-1,-1
402,3,1507,483,85,94,1,-1,-1,-1
402,2,832,675,126,141,1,-1,-1,-1
403,3,1505,483,84,95,1,-1,-1,-1
403,2,831,675,127,144,1,-1,-1,-1
404,3,1505,483,84,94,1,-1,-1,-1
404,2,831,674,128,145,1,-1,-1,-1
405,3,1505,483,84,94,1,-1,-1,-1
405,2,831,674,127,145,1,-1,-1,-1
406,3,1505,483,84,95,1,-1,-1,-1
406,2,831,674,128,145,1,-1,-1,-1
407,3,1505,483,84,95,1,-1,-1,-1
407,2,831,674,127,145,1,-1,-1,-1
408,3,1504,483,85,98,1,-1,-1,-1
408,2,834,675,128,143,1,-1,-1,-1
409,3,1504,483,85,97,1,-1,-1,-1
409,2,833,675,129,143,1,-1,-1,-1
410,3,1504,483,85,98,1,-1,-1,-1
410,2,833,675,128,143,1,-1,-1,-1
411,3,1504,483,85,98,1,-1,-1,-1
411,2,834,675,128,143,1,-1,-1,-1
412,3,1504,483,85,98,1,-1,-1,-1
412,2,833,675,129,143,1,-1,-1,-1
413,3,1504,481,86,99,1,-1,-1,-1
413,2,830,673,130,143,1,-1,-1,-1
414,3,1503,481,87,99,1,-1,-1,-1
414,2,830,674,129,141,1,-1,-1,-1
415,3,1504,481,86,99,1,-1,-1,-1
415,2,830,673,129,143,1,-1,-1,-1
416,3,1504,481,86,99,1,-1,-1,-1
416,2,830,673,129,143,1,-1,-1,-1
417,3,1504,481,86,99,1,-1,-1,-1
417,2,830,673,129,143,1,-1,-1,-1
418,3,1502,480,88,103,1,-1,-1,-1
418,2,830,675,128,141,1,-1,-1,-1
419,3,1502,480,88,103,1,-1,-1,-1
419,2,829,675,130,142,1,-1,-1,-1
420,3,1502,479,88,104,1,-1,-1,-1
420,2,829,675,130,142,1,-1,-1,-1
421,3,1502,479,88,103,1,-1,-1,-1
421,2,829,675,130,142,1,-1,-1,-1
422,3,1502,479,88,104,1,-1,-1,-1
422,2,829,675,129,142,1,-1,-1,-1
423,3,1498,481,90,99,1,-1,-1,-1
423,2,830,675,128,140,1,-1,-1,-1
424,3,1498,481,90,99,1,-1,-1,-1
424,2,830,675,128,140,1,-1,-1,-1
425,3,1498,481,90,99,1,-1,-1,-1
425,2,830,675,128,140,1,-1,-1,-1
426,3,1498,481,90,99,1,-1,-1,-1
426,2,830,675,128,140,1,-1,-1,-1
427,3,1498,480,92,100,1,-1,-1,-1
427,2,829,676,129,140,1,-1,-1,-1
428,3,1498,480,92,100,1,-1,-1,-1
428,2,829,676,129,141,1,-1,-1,-1
429,3,1498,480,92,100,1,-1,-1,-1
429,2,829,676,129,140,1,-1,-1,-1
430,3,1498,480,92,100,1,-1,-1,-1
430,2,829,676,129,140,1,-1,-1,-1
431,3,1497,480,93,100,1,-1,-1,-1
431,2,829,676,129,140,1,-1,-1,-1
432,3,1497,479,93,99,1,-1,-1,-1
432,2,830,676,130,138,1,-1,-1,-1
433,3,1496,479,94,99,1,-1,-1,-1
433,2,831,676,129,139,1,-1,-1,-1
434,3,1497,479,93,99,1,-1,-1,-1
434,2,831,676,129,138,1,-1,-1,-1
435,3,1497,479,93,99,1,-1,-1,-1
435,2,831,676,129,139,1,-1,-1,-1
436,3,1497,479,93,99,1,-1,-1,-1
436,2,830,676,130,139,1,-1,-1,-1
437,3,1499,479,91,101,1,-1,-1,-1
437,2,831,676,130,140,1,-1,-1,-1
438,3,1498,479,92,101,1,-1,-1,-1
438,2,831,676,130,140,1,-1,-1,-1
439,3,1498,479,92,101,1,-1,-1,-1
439,2,831,676,130,140,1,-1,-1,-1
440,3,1499,479,91,101,1,-1,-1,-1
440,2,831,676,130,140,1,-1,-1,-1
441,3,1498,480,92,101,1,-1,-1,-1
441,2,831,676,130,141,1,-1,-1,-1
442,3,1499,481,92,98,1,-1,-1,-1
442,2,834,680,125,137,1,-1,-1,-1
443,3,1500,481,90,99,1,-1,-1,-1
443,2,834,680,125,137,1,-1,-1,-1
444,3,1499,481,92,98,1,-1,-1,-1
444,2,834,680,125,137,1,-1,-1,-1
445,3,1499,481,92,99,1,-1,-1,-1
445,2,834,680,125,137,1,-1,-1,-1
446,3,1499,481,92,99,1,-1,-1,-1
446,2,834,680,125,137,1,-1,-1,-1
447,3,1502,481,89,101,1,-1,-1,-1
447,2,835,680,124,137,1,-1,-1,-1
448,3,1502,481,89,101,1,-1,-1,-1
448,2,835,680,124,137,1,-1,-1,-1
449,3,1501,481,90,100,1,-1,-1,-1
449,2,834,680,124,137,1,-1,-1,-1
450,3,1502,481,89,100,1,-1,-1,-1
450,2,834,680,124,137,1,-1,-1,-1
451,3,1500,481,91,100,1,-1,-1,-1
451,2,834,680,124,137,1,-1,-1,-1
452,3,1502,482,90,104,1,-1,-1,-1
452,2,835,681,124,136,1,-1,-1,-1
453,3,1502,482,90,104,1,-1,-1,-1
453,2,835,680,124,137,1,-1,-1,-1
454,3,1502,482,90,104,1,-1,-1,-1
454,2,835,681,124,136,1,-1,-1,-1
455,3,1502,482,90,104,1,-1,-1,-1
455,2,835,681,124,136,1,-1,-1,-1
456,3,1502,482,90,104,1,-1,-1,-1
456,2,835,680,124,137,1,-1,-1,-1
457,3,1502,482,91,104,1,-1,-1,-1
457,2,832,677,130,140,1,-1,-1,-1
458,3,1502,482,91,104,1,-1,-1,-1
458,2,832,677,130,139,1,-1,-1,-1
459,3,1502,483,91,103,1,-1,-1,-1
459,2,832,677,130,140,1,-1,-1,-1
460,3,1501,483,92,103,1,-1,-1,-1
460,2,832,677,130,139,1,-1,-1,-1
461,3,1501,483,92,103,1,-1,-1,-1
461,2,832,677,130,139,1,-1,-1,-1
462,3,1503,483,90,102,1,-1,-1,-1
462,2,834,680,126,137,1,-1,-1,-1
463,3,1503,483,90,102,1,-1,-1,-1
463,2,835,681,125,135,1,-1,-1,-1
464,3,1503,483,90,102,1,-1,-1,-1
464,2,834,681,126,135,1,-1,-1,-1
465,3,1503,483,90,102,1,-1,-1,-1
465,2,834,681,126,135,1,-1,-1,-1
466,3,1503,483,90,102,1,-1,-1,-1
466,2,834,681,126,135,1,-1,-1,-1
467,3,1503,487,90,102,1,-1,-1,-1
467,2,835,680,126,138,1,-1,-1,-1
468,3,1503,487,90,102,1,-1,-1,-1
468,2,835,681,126,137,1,-1,-1,-1
469,3,1503,487,90,102,1,-1,-1,-1
469,2,835,681,126,137,1,-1,-1,-1
470,3,1503,487,90,102,1,-1,-1,-1
470,2,835,680,126,138,1,-1,-1,-1
471,3,1503,487,90,102,1,-1,-1,-1
471,2,835,681,126,137,1,-1,-1,-1
472,3,1505,487,88,101,1,-1,-1,-1
472,2,836,682,125,134,1,-1,-1,-1
473,3,1505,487,88,101,1,-1,-1,-1
473,2,835,682,126,134,1,-1,-1,-1
474,3,1505,487,89,102,1,-1,-1,-1
474,2,836,682,125,134,1,-1,-1,-1
475,3,1505,487,88,101,1,-1,-1,-1
475,2,836,682,125,134,1,-1,-1,-1
476,3,1505,487,88,102,1,-1,-1,-1
476,2,836,682,125,134,1,-1,-1,-1
477,3,1506,486,89,104,1,-1,-1,-1
477,2,836,681,123,135,1,-1,-1,-1
478,3,1506,486,89,104,1,-1,-1,-1
478,2,835,681,124,134,1,-1,-1,-1
479,3,1505,486,90,104,1,-1,-1,-1
479,2,835,681,124,134,1,-1,-1,-1
480,3,1505,486,90,105,1,-1,-1,-1
480,2,835,680,123,135,1,-1,-1,-1
481,3,1505,486,90,106,1,-1,-1,-1
481,2,835,681,123,134,1,-1,-1,-1
482,3,1504,486,91,104,1,-1,-1,-1
482,2,834,681,117,128,1,-1,-1,-1
483,3,1504,486,91,105,1,-1,-1,-1
483,2,835,681,116,128,1,-1,-1,-1
484,3,1504,486,91,104,1,-1,-1,-1
484,2,834,681,116,128,1,-1,-1,-1
485,3,1504,486,91,104,1,-1,-1,-1
485,2,832,679,123,133,1,-1,-1,-1
486,3,1503,486,93,104,1,-1,-1,-1
486,2,829,679,122,128,1,-1,-1,-1
487,3,1504,486,91,102,1,-1,-1,-1
487,2,829,679,122,128,1,-1,-1,-1
488,3,1503,486,93,104,1,-1,-1,-1
488,2,829,679,122,127,1,-1,-1,-1
489,3,1504,486,91,104,1,-1,-1,-1
489,2,829,679,122,128,1,-1,-1,-1
490,3,1504,486,91,104,1,-1,-1,-1
490,2,829,679,122,128,1,-1,-1,-1
491,3,1503,486,92,106,1,-1,-1,-1
491,2,829,679,127,128,1,-1,-1,-1
492,3,1503,486,92,106,1,-1,-1,-1
492,2,829,679,127,128,1,-1,-1,-1
493,3,1503,486,92,107,1,-1,-1,-1
493,2,829,678,127,129,1,-1,-1,-1
494,3,1503,486,92,107,1,-1,-1,-1
494,2,829,678,128,129,1,-1,-1,-1
495,3,1502,486,93,107,1,-1,-1,-1
495,2,829,678,128,129,1,-1,-1,-1
496,3,1503,485,92,104,1,-1,-1,-1
496,2,829,678,130,129,1,-1,-1,-1
497,3,1503,485,92,104,1,-1,-1,-1
497,2,829,678,130,128,1,-1,-1,-1
498,3,1503,485,92,104,1,-1,-1,-1
498,2,829,678,129,128,1,-1,-1,-1
499,3,1503,485,92,104,1,-1,-1,-1
499,2,829,678,129,128,1,-1,-1,-1
500,3,1502,485,93,105,1,-1,-1,-1
500,2,834,684,119,121,1,-1,-1,-1
501,3,1503,485,90,104,1,-1,-1,-1
501,2,834,685,116,120,1,-1,-1,-1
502,3,1502,485,91,104,1,-1,-1,-1
502,2,834,685,116,121,1,-1,-1,-1
503,3,1502,485,91,104,1,-1,-1,-1
503,2,834,685,117,121,1,-1,-1,-1
504,3,1502,485,91,104,1,-1,-1,-1
504,2,834,685,116,121,1,-1,-1,-1
505,3,1503,485,90,104,1,-1,-1,-1
505,2,834,685,116,120,1,-1,-1,-1
506,3,1504,482,89,102,1,-1,-1,-1
506,2,834,684,117,121,1,-1,-1,-1
507,3,1504,482,89,102,1,-1,-1,-1
507,2,834,684,117,121,1,-1,-1,-1
508,3,1504,482,89,102,1,-1,-1,-1
508,2,834,684,117,121,1,-1,-1,-1
509,3,1503,484,89,101,1,-1,-1,-1
509,2,834,684,117,121,1,-1,-1,-1
510,3,1503,482,91,103,1,-1,-1,-1
510,2,833,684,118,122,1,-1,-1,-1
511,3,1503,482,90,101,1,-1,-1,-1
511,2,827,677,128,133,1,-1,-1,-1
512,3,1503,482,90,101,1,-1,-1,-1
512,2,827,677,129,133,1,-1,-1,-1
513,3,1503,481,90,102,1,-1,-1,-1
513,2,827,677,129,133,1,-1,-1,-1
514,3,1503,482,90,101,1,-1,-1,-1
514,2,827,677,129,133,1,-1,-1,-1
515,3,1503,481,90,102,1,-1,-1,-1
515,2,827,677,129,133,1,-1,-1,-1
516,3,1503,482,89,98,1,-1,-1,-1
516,2,827,677,128,134,1,-1,-1,-1
517,3,1503,484,88,97,1,-1,-1,-1
517,2,827,676,129,136,1,-1,-1,-1
518,3,1504,482,88,98,1,-1,-1,-1
518,2,827,676,128,135,1,-1,-1,-1
519,3,1503,482,89,98,1,-1,-1,-1
519,2,827,676,129,136,1,-1,-1,-1
520,3,1504,482,88,98,1,-1,-1,-1
520,2,827,676,129,135,1,-1,-1,-1
521,3,1504,484,86,97,1,-1,-1,-1
521,2,832,684,118,121,1,-1,-1,-1
522,3,1504,484,86,97,1,-1,-1,-1
522,2,832,684,118,121,1,-1,-1,-1
523,3,1504,483,86,98,1,-1,-1,-1
523,2,832,684,118,122,1,-1,-1,-1
524,3,1504,483,86,98,1,-1,-1,-1
524,2,832,685,117,121,1,-1,-1,-1
525,3,1504,483,86,98,1,-1,-1,-1
525,2,832,685,118,121,1,-1,-1,-1
526,3,1502,483,88,97,1,-1,-1,-1
526,2,833,684,117,121,1,-1,-1,-1
527,3,1502,483,88,98,1,-1,-1,-1
527,2,833,684,117,121,1,-1,-1,-1
528,3,1503,483,87,98,1,-1,-1,-1
528,2,833,684,117,121,1,-1,-1,-1
529,3,1502,483,88,98,1,-1,-1,-1
529,2,833,684,117,120,1,-1,-1,-1
530,3,1503,483,87,98,1,-1,-1,-1
530,2,833,684,117,121,1,-1,-1,-1
531,3,1501,483,88,96,1,-1,-1,-1
531,2,833,685,117,119,1,-1,-1,-1
532,3,1501,483,88,96,1,-1,-1,-1
532,2,833,684,117,120,1,-1,-1,-1
533,3,1501,483,88,96,1,-1,-1,-1
533,2,833,685,117,119,1,-1,-1,-1
534,3,1501,483,88,96,1,-1,-1,-1
534,2,833,685,117,118,1,-1,-1,-1
535,3,1501,483,88,96,1,-1,-1,-1
535,2,833,684,117,119,1,-1,-1,-1
536,3,1501,481,88,99,1,-1,-1,-1
536,2,834,683,117,120,1,-1,-1,-1
537,3,1501,481,88,99,1,-1,-1,-1
537,2,834,683,117,120,1,-1,-1,-1
538,3,1501,481,88,99,1,-1,-1,-1
538,2,834,683,117,120,1,-1,-1,-1
539,3,1501,481,88,99,1,-1,-1,-1
539,2,834,683,117,119,1,-1,-1,-1
540,3,1501,482,88,98,1,-1,-1,-1
540,2,834,684,117,118,1,-1,-1,-1
541,3,1499,482,89,99,1,-1,-1,-1
541,2,834,684,116,117,1,-1,-1,-1
542,3,1499,482,89,99,1,-1,-1,-1
542,2,834,684,116,117,1,-1,-1,-1
543,3,1499,482,89,99,1,-1,-1,-1
543,2,834,684,116,117,1,-1,-1,-1
544,3,1499,482,89,100,1,-1,-1,-1
544,2,834,684,116,117,1,-1,-1,-1
545,3,1499,482,89,100,1,-1,-1,-1
545,2,834,683,116,118,1,-1,-1,-1
546,3,1496,480,93,103,1,-1,-1,-1
546,2,834,683,115,118,1,-1,-1,-1
547,3,1496,480,93,103,1,-1,-1,-1
547,2,834,683,116,118,1,-1,-1,-1
548,3,1496,480,93,103,1,-1,-1,-1
548,2,834,683,115,118,1,-1,-1,-1
549,3,1496,480,93,104,1,-1,-1,-1
549,2,834,683,116,119,1,-1,-1,-1
550,3,1495,481,93,104,1,-1,-1,-1
550,2,835,684,114,117,1,-1,-1,-1
551,3,1495,481,93,104,1,-1,-1,-1
551,2,834,684,115,118,1,-1,-1,-1
552,3,1495,481,93,104,1,-1,-1,-1
552,2,834,684,115,118,1,-1,-1,-1
553,3,1495,481,93,103,1,-1,-1,-1
553,2,835,684,114,117,1,-1,-1,-1
554,3,1495,481,93,103,1,-1,-1,-1
554,2,835,684,114,117,1,-1,-1,-1
555,3,1495,481,92,103,1,-1,-1,-1
555,2,834,685,115,116,1,-1,-1,-1
556,3,1495,481,92,103,1,-1,-1,-1
556,2,834,685,115,117,1,-1,-1,-1
557,3,1495,481,92,103,1,-1,-1,-1
557,2,834,685,115,116,1,-1,-1,-1
558,3,1495,481,92,103,1,-1,-1,-1
558,2,834,685,114,117,1,-1,-1,-1
559,3,1495,481,92,103,1,-1,-1,-1
559,2,834,685,114,117,1,-1,-1,-1
560,3,1493,480,93,102,1,-1,-1,-1
560,2,834,685,115,117,1,-1,-1,-1
561,3,1494,480,92,102,1,-1,-1,-1
561,2,834,686,115,116,1,-1,-1,-1
562,3,1493,480,93,102,1,-1,-1,-1
562,2,834,685,116,116,1,-1,-1,-1
563,3,1493,480,93,102,1,-1,-1,-1
563,2,834,686,115,115,1,-1,-1,-1
564,3,1493,480,93,102,1,-1,-1,-1
564,2,834,685,116,117,1,-1,-1,-1
565,3,1491,480,94,101,1,-1,-1,-1
565,2,834,685,114,115,1,-1,-1,-1
566,3,1491,480,94,101,1,-1,-1,-1
566,2,834,685,114,116,1,-1,-1,-1
567,3,1491,480,94,101,1,-1,-1,-1
567,2,833,685,115,116,1,-1,-1,-1
568,3,1491,480,94,101,1,-1,-1,-1
568,2,834,685,113,115,1,-1,-1,-1
569,3,1491,480,94,101,1,-1,-1,-1
569,2,834,685,113,115,1,-1,-1,-1
570,3,1491,480,94,101,1,-1,-1,-1
570,2,836,685,115,113,1,-1,-1,-1
571,3,1491,480,94,101,1,-1,-1,-1
571,2,836,685,115,113,1,-1,-1,-1
572,3,1491,480,94,101,1,-1,-1,-1
572,2,836,685,115,113,1,-1,-1,-1
573,3,1491,480,94,101,1,-1,-1,-1
573,2,836,685,115,113,1,-1,-1,-1
574,3,1491,480,94,101,1,-1,-1,-1
574,2,836,685,115,114,1,-1,-1,-1
575,3,1489,479,95,102,1,-1,-1,-1
575,2,837,684,115,114,1,-1,-1,-1
576,3,1489,479,95,102,1,-1,-1,-1
576,2,837,684,115,114,1,-1,-1,-1
577,3,1489,479,95,101,1,-1,-1,-1
577,2,837,685,115,113,1,-1,-1,-1
578,3,1489,479,95,102,1,-1,-1,-1
578,2,837,684,115,113,1,-1,-1,-1
579,3,1489,479,95,102,1,-1,-1,-1
579,2,837,684,115,114,1,-1,-1,-1
580,3,1489,480,93,98,1,-1,-1,-1
580,2,834,685,119,116,1,-1,-1,-1
581,3,1489,480,93,98,1,-1,-1,-1
581,2,834,685,119,116,1,-1,-1,-1
582,3,1489,480,93,98,1,-1,-1,-1
582,2,834,685,119,116,1,-1,-1,-1
583,3,1489,480,93,98,1,-1,-1,-1
583,2,834,685,119,116,1,-1,-1,-1
584,3,1489,480,93,98,1,-1,-1,-1
584,2,834,685,119,116,1,-1,-1,-1
585,3,1490,479,89,97,1,-1,-1,-1
585,2,834,685,121,116,1,-1,-1,-1
586,3,1489,479,90,97,1,-1,-1,-1
586,2,834,685,121,116,1,-1,-1,-1
587,3,1489,479,90,97,1,-1,-1,-1
587,2,834,685,121,116,1,-1,-1,-1
588,3,1489,479,90,97,1,-1,-1,-1
588,2,834,685,121,116,1,-1,-1,-1
589,3,1489,479,90,97,1,-1,-1,-1
589,2,834,685,121,116,1,-1,-1,-1
590,3,1486,474,92,98,1,-1,-1,-1
590,2,831,683,120,119,1,-1,-1,-1
591,3,1486,474,92,99,1,-1,-1,-1
591,2,831,683,120,119,1,-1,-1,-1
592,3,1486,474,92,98,1,-1,-1,-1
592,2,831,683,119,119,1,-1,-1,-1
593,3,1486,474,92,98,1,-1,-1,-1
593,2,831,683,119,119,1,-1,-1,-1
594,3,1486,474,92,98,1,-1,-1,-1
594,2,831,683,120,119,1,-1,-1,-1
595,3,1483,472,89,95,1,-1,-1,-1
595,2,830,683,122,119,1,-1,-1,-1
596,3,1482,472,90,95,1,-1,-1,-1
596,2,830,683,122,119,1,-1,-1,-1
597,3,1482,472,90,95,1,-1,-1,-1
597,2,830,684,122,118,1,-1,-1,-1
598,3,1483,472,89,95,1,-1,-1,-1
598,2,831,684,121,118,1,-1,-1,-1
599,3,1482,472,90,95,1,-1,-1,-1
599,2,830,684,123,119,1,-1,-1,-1
600,3,1471,458,93,101,1,-1,-1,-1
600,2,830,683,121,118,1,-1,-1,-1
601,3,1471,458,93,101,1,-1,-1,-1
601,2,830,683,122,119,1,-1,-1,-1
602,3,1471,458,93,101,1,-1,-1,-1
602,2,830,683,122,118,1,-1,-1,-1
603,3,1471,458,93,101,1,-1,-1,-1
603,2,830,683,122,118,1,-1,-1,-1
604,3,1471,458,93,101,1,-1,-1,-1
604,2,830,683,121,118,1,-1,-1,-1
605,3,1461,453,98,100,1,-1,-1,-1
605,2,830,684,124,118,1,-1,-1,-1
606,3,1461,453,98,100,1,-1,-1,-1
606,2,830,684,123,118,1,-1,-1,-1
607,3,1461,453,98,100,1,-1,-1,-1
607,2,830,684,123,117,1,-1,-1,-1
608,3,1461,453,98,100,1,-1,-1,-1
608,2,830,684,123,117,1,-1,-1,-1
609,3,1454,451,98,103,1,-1,-1,-1
609,2,830,684,125,119,1,-1,-1,-1
610,3,1454,451,97,103,1,-1,-1,-1
610,2,830,684,124,119,1,-1,-1,-1
611,3,1454,451,97,103,1,-1,-1,-1
611,2,830,684,125,119,1,-1,-1,-1
612,3,1454,451,97,103,1,-1,-1,-1
612,2,830,684,124,119,1,-1,-1,-1
613,3,1454,451,98,103,1,-1,-1,-1
613,2,830,684,125,120,1,-1,-1,-1
614,3,1447,449,99,105,1,-1,-1,-1
614,2,830,683,124,120,1,-1,-1,-1
615,3,1447,449,99,105,1,-1,-1,-1
615,2,830,683,124,120,1,-1,-1,-1
616,3,1447,449,99,105,1,-1,-1,-1
616,2,830,683,124,120,1,-1,-1,-1
617,3,1447,449,99,106,1,-1,-1,-1
617,2,830,683,124,120,1,-1,-1,-1
618,3,1447,449,99,105,1,-1,-1,-1
618,2,830,683,125,120,1,-1,-1,-1
619,3,1438,446,105,110,1,-1,-1,-1
619,2,830,684,125,120,1,-1,-1,-1
620,3,1438,446,105,109,1,-1,-1,-1
620,2,830,684,125,119,1,-1,-1,-1
621,3,1438,446,104,110,1,-1,-1,-1
621,2,830,684,125,120,1,-1,-1,-1
622,3,1438,446,105,110,1,-1,-1,-1
622,2,830,684,125,120,1,-1,-1,-1
623,3,1438,446,105,110,1,-1,-1,-1
623,2,830,684,125,119,1,-1,-1,-1
624,3,1434,442,106,113,1,-1,-1,-1
624,2,830,683,123,120,1,-1,-1,-1
625,3,1434,442,106,113,1,-1,-1,-1
625,2,830,683,123,120,1,-1,-1,-1
626,3,1434,442,106,113,1,-1,-1,-1
626,2,830,683,122,120,1,-1,-1,-1
627,3,1434,442,106,113,1,-1,-1,-1
627,2,830,683,123,120,1,-1,-1,-1
628,3,1434,442,106,113,1,-1,-1,-1
628,2,830,683,122,120,1,-1,-1,-1
629,3,1425,444,101,103,1,-1,-1,-1
629,2,828,683,121,122,1,-1,-1,-1
630,3,1425,444,101,103,1,-1,-1,-1
630,2,829,683,120,122,1,-1,-1,-1
631,3,1425,444,101,104,1,-1,-1,-1
631,2,829,683,120,122,1,-1,-1,-1
632,3,1425,444,101,104,1,-1,-1,-1
632,2,829,683,120,122,1,-1,-1,-1
633,3,1425,444,101,104,1,-1,-1,-1
633,2,829,683,120,122,1,-1,-1,-1
634,3,1413,444,102,100,1,-1,-1,-1
634,2,832,688,115,118,1,-1,-1,-1
635,3,1413,444,102,100,1,-1,-1,-1
635,2,832,688,115,118,1,-1,-1,-1
636,3,1413,444,102,101,1,-1,-1,-1
636,2,833,688,114,118,1,-1,-1,-1
637,3,1413,444,102,101,1,-1,-1,-1
637,2,832,688,116,118,1,-1,-1,-1
638,3,1413,444,102,101,1,-1,-1,-1
638,2,833,688,114,118,1,-1,-1,-1
639,3,1400,443,107,103,1,-1,-1,-1
639,2,832,687,117,120,1,-1,-1,-1
640,3,1400,443,107,103,1,-1,-1,-1
640,2,832,687,117,120,1,-1,-1,-1
641,3,1400,443,107,103,1,-1,-1,-1
641,2,827,682,122,122,1,-1,-1,-1
642,3,1400,443,107,103,1,-1,-1,-1
642,2,832,687,117,120,1,-1,-1,-1
643,3,1400,443,107,103,1,-1,-1,-1
643,2,827,683,122,121,1,-1,-1,-1
644,3,1390,436,113,110,1,-1,-1,-1
644,2,832,687,117,120,1,-1,-1,-1
645,3,1390,436,112,110,1,-1,-1,-1
645,2,832,687,116,120,1,-1,-1,-1
646,3,1391,436,111,110,1,-1,-1,-1
646,2,832,687,116,119,1,-1,-1,-1
647,3,1391,436,111,110,1,-1,-1,-1
647,2,832,687,116,119,1,-1,-1,-1
648,3,1390,436,112,110,1,-1,-1,-1
648,2,832,687,117,119,1,-1,-1,-1
649,3,1369,434,117,111,1,-1,-1,-1
649,2,832,687,116,120,1,-1,-1,-1
650,3,1369,434,117,111,1,-1,-1,-1
650,2,832,687,116,120,1,-1,-1,-1
651,3,1369,434,117,111,1,-1,-1,-1
651,2,831,687,117,119,1,-1,-1,-1
652,3,1369,434,117,111,1,-1,-1,-1
652,2,831,687,117,119,1,-1,-1,-1
653,3,1369,434,117,111,1,-1,-1,-1
653,2,831,687,117,119,1,-1,-1,-1
654,3,1345,434,114,108,1,-1,-1,-1
654,2,832,687,118,120,1,-1,-1,-1
655,3,1345,434,113,108,1,-1,-1,-1
655,2,832,687,117,119,1,-1,-1,-1
656,3,1345,434,113,108,1,-1,-1,-1
656,2,832,687,117,119,1,-1,-1,-1
657,3,1345,434,113,108,1,-1,-1,-1
657,2,832,687,117,119,1,-1,-1,-1
658,3,1345,434,113,108,1,-1,-1,-1
658,2,832,687,117,120,1,-1,-1,-1
659,3,1314,425,114,113,1,-1,-1,-1
659,2,834,687,117,117,1,-1,-1,-1
660,3,1314,425,114,113,1,-1,-1,-1
660,2,833,685,119,119,1,-1,-1,-1
661,3,1314,425,113,113,1,-1,-1,-1
661,2,833,685,119,119,1,-1,-1,-1
662,3,1314,424,113,114,1,-1,-1,-1
662,2,833,685,119,119,1,-1,-1,-1
663,3,1314,424,114,114,1,-1,-1,-1
663,2,833,685,119,119,1,-1,-1,-1
664,3,1291,418,116,114,1,-1,-1,-1
664,2,833,684,118,119,1,-1,-1,-1
665,3,1292,418,116,114,1,-1,-1,-1
665,2,832.8181818181819,684.1818181818181,118.5454545454545,119.09090909090912,1,-1,-1,-1
666,3,1292,419,115,113,1,-1,-1,-1
666,2,832.6363636363637,684.3636363636363,119.09090909090901,119.18181818181824,1,-1,-1,-1
667,3,1292,418,115,114,1,-1,-1,-1
667,2,832.4545454545456,684.5454545454544,119.63636363636351,119.27272727272737,1,-1,-1,-1
668,3,1292,419,114,113,1,-1,-1,-1
668,2,832.2727272727275,684.7272727272725,120.18181818181802,119.36363636363649,1,-1,-1,-1
669,3,1273,410,121,114,1,-1,-1,-1
669,2,832.0909090909093,684.9090909090907,120.72727272727252,119.45454545454561,1,-1,-1,-1
670,3,1274,410,119,115,1,-1,-1,-1
670,2,831.9090909090912,685.0909090909088,121.27272727272702,119.54545454545473,1,-1,-1,-1
671,3,1274,411,118,114,1,-1,-1,-1
671,2,831.7272727272731,685.2727272727269,121.81818181818153,119.63636363636385,1,-1,-1,-1
672,3,1274,411,119,114,1,-1,-1,-1
672,2,831.545454545455,685.454545454545,122.36363636363603,119.72727272727298,1,-1,-1,-1
673,3,1255,406,125,114,1,-1,-1,-1
673,2,831.3636363636368,685.6363636363632,122.90909090909054,119.8181818181821,1,-1,-1,-1
674,3,1255,406,125,114,1,-1,-1,-1
674,2,831.1818181818187,685.8181818181813,123.45454545454504,119.90909090909122,1,-1,-1,-1
675,3,1255,406,125,114,1,-1,-1,-1
675,2,831,686,124,120,1,-1,-1,-1
676,3,1255,406,124,114,1,-1,-1,-1
676,2,831,686,124,120,1,-1,-1,-1
677,3,1255,406,125,114,1,-1,-1,-1
677,2,831,686,123,121,1,-1,-1,-1
678,3,1242,405,116,112,1,-1,-1,-1
678,2,831,686,123,119,1,-1,-1,-1
679,3,1242,404,116,113,1,-1,-1,-1
679,2,832,686,122,119,1,-1,-1,-1
680,3,1242,405,116,112,1,-1,-1,-1
680,2,831,686,123,120,1,-1,-1,-1
681,3,1242,405,116,112,1,-1,-1,-1
681,2,831,686,123,120,1,-1,-1,-1
682,3,1242,405,115,112,1,-1,-1,-1
682,2,831,686,123,120,1,-1,-1,-1
683,3,1236,403,108,109,1,-1,-1,-1
683,2,831,683,123,121,1,-1,-1,-1
684,3,1237,403,107,108,1,-1,-1,-1
684,2,831,683,123,121,1,-1,-1,-1
685,3,1236,403,109,109,1,-1,-1,-1
685,2,832,684,121,118,1,-1,-1,-1
686,3,1236,403,108,109,1,-1,-1,-1
686,2,832,684,122,118,1,-1,-1,-1
687,2,832,684,122,118,1,-1,-1,-1
687,3,1237,403,106,109,1,-1,-1,-1
